# Menlo Systems GmbH ScanControl
# Program Version 1.3.3
# Start: -690.30000000 ps, Average over 10000 waveforms. Timestamp: 2020-02-17T17:16:37
# Window type: Tukey, parameters: alpha = 0.1
# User time axis shift: 0 ps
# Time [ps]	THz Signal [a.u.]
-690.36666667	0.00000000
-690.33333334	0.00000009
-690.30000000	0.00000029
-690.26666667	0.00000049
-690.23333333	0.00000067
-690.20000000	0.00000044
-690.16666667	0.00000015
-690.13333333	-0.00000028
-690.10000000	-0.00000083
-690.06666667	-0.00000221
-690.03333333	-0.00000363
-690.00000000	-0.00000496
-689.96666667	-0.00000678
-689.93333333	-0.00000775
-689.90000000	-0.00000917
-689.86666667	-0.00001071
-689.83333333	-0.00001050
-689.80000000	-0.00001018
-689.76666666	-0.00001036
-689.73333333	-0.00000917
-689.70000000	-0.00000873
-689.66666666	-0.00000749
-689.63333333	-0.00000381
-689.60000000	0.00000119
-689.56666666	0.00000413
-689.53333333	0.00000835
-689.50000000	0.00001507
-689.46666666	0.00002026
-689.43333333	0.00002910
-689.39999999	0.00003620
-689.36666666	0.00004531
-689.33333333	0.00005755
-689.29999999	0.00007417
-689.26666666	0.00008406
-689.23333333	0.00010446
-689.19999999	0.00012255
-689.16666666	0.00014435
-689.13333333	0.00016433
-689.09999999	0.00019654
-689.06666666	0.00022495
-689.03333333	0.00025072
-688.99999999	0.00027401
-688.96666666	0.00030099
-688.93333332	0.00033213
-688.89999999	0.00036351
-688.86666666	0.00039915
-688.83333332	0.00042618
-688.79999999	0.00046367
-688.76666666	0.00048493
-688.73333332	0.00050949
-688.69999999	0.00053430
-688.66666666	0.00057912
-688.63333332	0.00060412
-688.59999999	0.00063754
-688.56666666	0.00067815
-688.53333332	0.00068853
-688.49999999	0.00071599
-688.46666665	0.00074607
-688.43333332	0.00075725
-688.39999999	0.00078796
-688.36666665	0.00081495
-688.33333332	0.00081839
-688.29999999	0.00083325
-688.26666665	0.00084024
-688.23333332	0.00086150
-688.19999999	0.00085425
-688.16666665	0.00084631
-688.13333332	0.00086323
-688.09999998	0.00084247
-688.06666665	0.00084717
-688.03333332	0.00083484
-687.99999998	0.00083683
-687.96666665	0.00084888
-687.93333332	0.00083427
-687.89999998	0.00082654
-687.86666665	0.00083613
-687.83333332	0.00081099
-687.79999998	0.00081436
-687.76666665	0.00080833
-687.73333332	0.00083923
-687.69999998	0.00083573
-687.66666665	0.00083807
-687.63333331	0.00082891
-687.59999998	0.00085760
-687.56666665	0.00085358
-687.53333331	0.00085732
-687.49999998	0.00086062
-687.46666665	0.00087408
-687.43333331	0.00085766
-687.39999998	0.00084309
-687.36666665	0.00086858
-687.33333331	0.00087354
-687.29999998	0.00087695
-687.26666664	0.00086680
-687.23333331	0.00085956
-687.19999998	0.00092374
-687.16666664	0.00093831
-687.13333331	0.00094150
-687.09999998	0.00099622
-687.06666664	0.00099486
-687.03333331	0.00107166
-686.99999998	0.00107406
-686.96666664	0.00111209
-686.93333331	0.00111409
-686.89999998	0.00121183
-686.86666664	0.00120486
-686.83333331	0.00125621
-686.79999997	0.00127286
-686.76666664	0.00126698
-686.73333331	0.00124629
-686.69999997	0.00122206
-686.66666664	0.00123394
-686.63333331	0.00122645
-686.59999997	0.00120196
-686.56666664	0.00116767
-686.53333331	0.00114160
-686.49999997	0.00113565
-686.46666664	0.00110127
-686.43333331	0.00107774
-686.39999997	0.00108073
-686.36666664	0.00104417
-686.33333330	0.00101103
-686.29999997	0.00106136
-686.26666664	0.00102391
-686.23333330	0.00104506
-686.19999997	0.00100866
-686.16666664	0.00103418
-686.13333330	0.00105105
-686.09999997	0.00106618
-686.06666664	0.00109751
-686.03333330	0.00105865
-685.99999997	0.00103127
-685.96666663	0.00107131
-685.93333330	0.00100903
-685.89999997	0.00096303
-685.86666663	0.00095554
-685.83333330	0.00095485
-685.79999997	0.00090909
-685.76666663	0.00091675
-685.73333330	0.00087886
-685.69999997	0.00087116
-685.66666663	0.00086671
-685.63333330	0.00087886
-685.59999997	0.00086558
-685.56666663	0.00085900
-685.53333330	0.00087970
-685.49999996	0.00090085
-685.46666663	0.00095153
-685.43333330	0.00098402
-685.39999996	0.00099672
-685.36666663	0.00103844
-685.33333330	0.00104063
-685.29999996	0.00107492
-685.26666663	0.00113318
-685.23333330	0.00110250
-685.19999996	0.00117323
-685.16666663	0.00118981
-685.13333330	0.00127110
-685.09999996	0.00121473
-685.06666663	0.00131548
-685.03333329	0.00132379
-684.99999996	0.00134575
-684.96666663	0.00133867
-684.93333329	0.00137523
-684.89999996	0.00137194
-684.86666663	0.00138116
-684.83333329	0.00141520
-684.79999996	0.00146748
-684.76666663	0.00152488
-684.73333329	0.00149463
-684.69999996	0.00154095
-684.66666662	0.00156296
-684.63333329	0.00160807
-684.59999996	0.00160553
-684.56666662	0.00162209
-684.53333329	0.00164088
-684.49999996	0.00161266
-684.46666662	0.00158607
-684.43333329	0.00158937
-684.39999996	0.00156641
-684.36666662	0.00153151
-684.33333329	0.00149478
-684.29999996	0.00144845
-684.26666662	0.00140828
-684.23333329	0.00134036
-684.19999995	0.00126159
-684.16666662	0.00117136
-684.13333329	0.00109274
-684.09999995	0.00100524
-684.06666662	0.00088895
-684.03333329	0.00079137
-683.99999995	0.00075840
-683.96666662	0.00065455
-683.93333329	0.00055143
-683.89999995	0.00046030
-683.86666662	0.00045674
-683.83333329	0.00043709
-683.79999995	0.00036349
-683.76666662	0.00030687
-683.73333328	0.00023251
-683.69999995	0.00022119
-683.66666662	0.00018479
-683.63333328	0.00012719
-683.59999995	0.00011085
-683.56666662	0.00011447
-683.53333328	0.00007321
-683.49999995	0.00004108
-683.46666662	0.00002979
-683.43333328	0.00001627
-683.39999995	-0.00003066
-683.36666661	-0.00004935
-683.33333328	-0.00005091
-683.29999995	-0.00012952
-683.26666661	-0.00007467
-683.23333328	-0.00014381
-683.19999995	-0.00018585
-683.16666661	-0.00022348
-683.13333328	-0.00018731
-683.09999995	-0.00026333
-683.06666661	-0.00030802
-683.03333328	-0.00034409
-682.99999995	-0.00030770
-682.96666661	-0.00037039
-682.93333328	-0.00040284
-682.89999994	-0.00039049
-682.86666661	-0.00039859
-682.83333328	-0.00045341
-682.79999994	-0.00051761
-682.76666661	-0.00051808
-682.73333328	-0.00059716
-682.69999994	-0.00063028
-682.66666661	-0.00065849
-682.63333328	-0.00071682
-682.59999994	-0.00077121
-682.56666661	-0.00082969
-682.53333328	-0.00089273
-682.49999994	-0.00086284
-682.46666661	-0.00094122
-682.43333327	-0.00096997
-682.39999994	-0.00104205
-682.36666661	-0.00108210
-682.33333327	-0.00111852
-682.29999994	-0.00113241
-682.26666661	-0.00116207
-682.23333327	-0.00120909
-682.19999994	-0.00122695
-682.16666661	-0.00129342
-682.13333327	-0.00130223
-682.09999994	-0.00132301
-682.06666660	-0.00136915
-682.03333327	-0.00139690
-681.99999994	-0.00141446
-681.96666660	-0.00148996
-681.93333327	-0.00153362
-681.89999994	-0.00154832
-681.86666660	-0.00159026
-681.83333327	-0.00163700
-681.79999994	-0.00170716
-681.76666660	-0.00174271
-681.73333327	-0.00182808
-681.69999994	-0.00189201
-681.66666660	-0.00192093
-681.63333327	-0.00195691
-681.59999993	-0.00201534
-681.56666660	-0.00207405
-681.53333327	-0.00211162
-681.49999993	-0.00217963
-681.46666660	-0.00223894
-681.43333327	-0.00226581
-681.39999993	-0.00230055
-681.36666660	-0.00227656
-681.33333327	-0.00233416
-681.29999993	-0.00235394
-681.26666660	-0.00236623
-681.23333327	-0.00236637
-681.19999993	-0.00238135
-681.16666660	-0.00236651
-681.13333326	-0.00235672
-681.09999993	-0.00235891
-681.06666660	-0.00232392
-681.03333326	-0.00234584
-680.99999993	-0.00233867
-680.96666660	-0.00227902
-680.93333326	-0.00222570
-680.89999993	-0.00211582
-680.86666660	-0.00206480
-680.83333326	-0.00200887
-680.79999993	-0.00192498
-680.76666659	-0.00182041
-680.73333326	-0.00174973
-680.69999993	-0.00164620
-680.66666659	-0.00156556
-680.63333326	-0.00140977
-680.59999993	-0.00129817
-680.56666659	-0.00120228
-680.53333326	-0.00114935
-680.49999993	-0.00106140
-680.46666659	-0.00094808
-680.43333326	-0.00085259
-680.39999993	-0.00079732
-680.36666659	-0.00070431
-680.33333326	-0.00063116
-680.29999992	-0.00060508
-680.26666659	-0.00053791
-680.23333326	-0.00051786
-680.19999992	-0.00048860
-680.16666659	-0.00046526
-680.13333326	-0.00042594
-680.09999992	-0.00040950
-680.06666659	-0.00045176
-680.03333326	-0.00043125
-679.99999992	-0.00041768
-679.96666659	-0.00041710
-679.93333326	-0.00046320
-679.89999992	-0.00047318
-679.86666659	-0.00046510
-679.83333325	-0.00044347
-679.79999992	-0.00045371
-679.76666659	-0.00042701
-679.73333325	-0.00039892
-679.69999992	-0.00037268
-679.66666659	-0.00035128
-679.63333325	-0.00031837
-679.59999992	-0.00022075
-679.56666659	-0.00018383
-679.53333325	-0.00014980
-679.49999992	-0.00006877
-679.46666658	0.00002190
-679.43333325	0.00015163
-679.39999992	0.00020125
-679.36666658	0.00028206
-679.33333325	0.00040768
-679.29999992	0.00046863
-679.26666658	0.00053621
-679.23333325	0.00058790
-679.19999992	0.00068714
-679.16666658	0.00063252
-679.13333325	0.00061158
-679.09999992	0.00053847
-679.06666658	0.00043522
-679.03333325	0.00027740
-678.99999991	0.00000506
-678.96666658	-0.00031570
-678.93333325	-0.00069136
-678.89999991	-0.00117058
-678.86666658	-0.00173431
-678.83333325	-0.00234344
-678.79999991	-0.00301458
-678.76666658	-0.00365840
-678.73333325	-0.00439846
-678.69999991	-0.00504334
-678.66666658	-0.00562391
-678.63333325	-0.00609163
-678.59999991	-0.00639138
-678.56666658	-0.00650755
-678.53333324	-0.00639136
-678.49999991	-0.00606219
-678.46666658	-0.00545401
-678.43333324	-0.00478058
-678.39999991	-0.00394326
-678.36666658	-0.00299885
-678.33333324	-0.00206742
-678.29999991	-0.00114391
-678.26666658	-0.00023688
-678.23333324	0.00059754
-678.19999991	0.00134771
-678.16666657	0.00197063
-678.13333324	0.00251448
-678.09999991	0.00290995
-678.06666657	0.00320006
-678.03333324	0.00336723
-677.99999991	0.00347637
-677.96666657	0.00344445
-677.93333324	0.00341886
-677.89999991	0.00329526
-677.86666657	0.00313940
-677.83333324	0.00299011
-677.79999991	0.00275577
-677.76666657	0.00250567
-677.73333324	0.00230030
-677.69999990	0.00208408
-677.66666657	0.00191748
-677.63333324	0.00178904
-677.59999990	0.00164730
-677.56666657	0.00157001
-677.53333324	0.00154188
-677.49999990	0.00156213
-677.46666657	0.00158421
-677.43333324	0.00164895
-677.39999990	0.00171757
-677.36666657	0.00180764
-677.33333324	0.00194813
-677.29999990	0.00212542
-677.26666657	0.00230678
-677.23333323	0.00256968
-677.19999990	0.00285627
-677.16666657	0.00316459
-677.13333323	0.00351152
-677.09999990	0.00392454
-677.06666657	0.00423349
-677.03333323	0.00460481
-676.99999990	0.00491000
-676.96666657	0.00521926
-676.93333323	0.00545645
-676.89999990	0.00558927
-676.86666656	0.00574782
-676.83333323	0.00577317
-676.79999990	0.00578294
-676.76666656	0.00574132
-676.73333323	0.00562987
-676.69999990	0.00546908
-676.66666656	0.00539174
-676.63333323	0.00519368
-676.59999990	0.00508346
-676.56666656	0.00488932
-676.53333323	0.00471094
-676.49999990	0.00465336
-676.46666656	0.00452300
-676.43333323	0.00448786
-676.39999989	0.00442606
-676.36666656	0.00446072
-676.33333323	0.00445686
-676.29999989	0.00450172
-676.26666656	0.00459403
-676.23333323	0.00463043
-676.19999989	0.00471860
-676.16666656	0.00478625
-676.13333323	0.00482398
-676.09999989	0.00486978
-676.06666656	0.00486422
-676.03333323	0.00497807
-675.99999989	0.00501356
-675.96666656	0.00508793
-675.93333322	0.00514083
-675.89999989	0.00515938
-675.86666656	0.00520983
-675.83333322	0.00530893
-675.79999989	0.00537170
-675.76666656	0.00542481
-675.73333322	0.00550655
-675.69999989	0.00564259
-675.66666656	0.00573665
-675.63333322	0.00582531
-675.59999989	0.00589873
-675.56666655	0.00592999
-675.53333322	0.00600450
-675.49999989	0.00605604
-675.46666655	0.00608633
-675.43333322	0.00608444
-675.39999989	0.00610948
-675.36666655	0.00607633
-675.33333322	0.00602236
-675.29999989	0.00595371
-675.26666655	0.00587070
-675.23333322	0.00576507
-675.19999989	0.00553468
-675.16666655	0.00533049
-675.13333322	0.00495930
-675.09999988	0.00446265
-675.06666655	0.00390939
-675.03333322	0.00318725
-674.99999988	0.00230729
-674.96666655	0.00129014
-674.93333322	0.00014336
-674.89999988	-0.00119583
-674.86666655	-0.00255178
-674.83333322	-0.00399497
-674.79999988	-0.00538402
-674.76666655	-0.00665057
-674.73333322	-0.00791312
-674.69999988	-0.00895706
-674.66666655	-0.00975196
-674.63333321	-0.01042824
-674.59999988	-0.01087475
-674.56666655	-0.01120926
-674.53333321	-0.01143239
-674.49999988	-0.01157418
-674.46666655	-0.01155139
-674.43333321	-0.01123070
-674.39999988	-0.01055781
-674.36666655	-0.00941877
-674.33333321	-0.00773935
-674.29999988	-0.00542826
-674.26666654	-0.00257531
-674.23333321	0.00067146
-674.19999988	0.00412119
-674.16666654	0.00748160
-674.13333321	0.01055989
-674.09999988	0.01309779
-674.06666654	0.01500934
-674.03333321	0.01621281
-673.99999988	0.01680648
-673.96666654	0.01688077
-673.93333321	0.01659383
-673.89999988	0.01607113
-673.86666654	0.01557582
-673.83333321	0.01533408
-673.79999987	0.01536609
-673.76666654	0.01581491
-673.73333321	0.01671708
-673.69999987	0.01806414
-673.66666654	0.01966794
-673.63333321	0.02143694
-673.59999987	0.02321932
-673.56666654	0.02488511
-673.53333321	0.02642278
-673.49999987	0.02778900
-673.46666654	0.02907914
-673.43333320	0.03019293
-673.39999987	0.03128335
-673.36666654	0.03227780
-673.33333320	0.03328212
-673.29999987	0.03427998
-673.26666654	0.03528296
-673.23333320	0.03630664
-673.19999987	0.03744213
-673.16666654	0.03865509
-673.13333320	0.04000368
-673.09999987	0.04152330
-673.06666654	0.04319183
-673.03333320	0.04517824
-672.99999987	0.04734927
-672.96666653	0.04982941
-672.93333320	0.05261548
-672.89999987	0.05570799
-672.86666653	0.05920860
-672.83333320	0.06309102
-672.79999987	0.06733332
-672.76666653	0.07187152
-672.73333320	0.07668747
-672.69999987	0.08174824
-672.66666653	0.08692496
-672.63333320	0.09235415
-672.59999987	0.09785161
-672.56666653	0.10358848
-672.53333320	0.10941753
-672.49999986	0.11538553
-672.46666653	0.12155385
-672.43333320	0.12785367
-672.39999986	0.13438086
-672.36666653	0.14118426
-672.33333320	0.14831247
-672.29999986	0.15586097
-672.26666653	0.16388867
-672.23333320	0.17229126
-672.19999986	0.18113160
-672.16666653	0.19029525
-672.13333319	0.19975623
-672.09999986	0.20935469
-672.06666653	0.21920217
-672.03333319	0.22905433
-671.99999986	0.23891748
-671.96666653	0.24877105
-671.93333319	0.25855624
-671.89999986	0.26828453
-671.86666653	0.27778904
-671.83333319	0.28705517
-671.79999986	0.29588468
-671.76666653	0.30400693
-671.73333319	0.31104803
-671.69999986	0.31664499
-671.66666652	0.32010013
-671.63333319	0.32069342
-671.59999986	0.31760523
-671.56666652	0.30960449
-671.53333319	0.29525908
-671.49999986	0.27293652
-671.46666652	0.24072853
-671.43333319	0.19629064
-671.39999986	0.13674459
-671.36666652	0.05898852
-671.33333319	-0.04089443
-671.29999986	-0.16745488
-671.26666652	-0.32613915
-671.23333319	-0.52224567
-671.19999985	-0.76132896
-671.16666652	-1.04831021
-671.13333319	-1.38682705
-671.09999985	-1.77628604
-671.06666652	-2.21252226
-671.03333319	-2.68497872
-670.99999985	-3.17519920
-670.96666652	-3.65519171
-670.93333319	-4.08918072
-670.89999985	-4.43680815
-670.86666652	-4.65645185
-670.83333318	-4.71104411
-670.79999985	-4.57474321
-670.76666652	-4.23733443
-670.73333318	-3.70687471
-670.69999985	-3.01153781
-670.66666652	-2.19597113
-670.63333318	-1.31273635
-670.59999985	-0.41511205
-670.56666652	0.44615260
-670.53333318	1.23197626
-670.49999985	1.91437315
-670.46666652	2.47492870
-670.43333318	2.90251645
-670.39999985	3.19387668
-670.36666651	3.35314726
-670.33333318	3.39027555
-670.29999985	3.32054054
-670.26666651	3.16349429
-670.23333318	2.94045077
-670.19999985	2.67211875
-670.16666651	2.37748091
-670.13333318	2.07224083
-670.09999985	1.76834373
-670.06666651	1.47490043
-670.03333318	1.20094461
-669.99999985	0.95410916
-669.96666651	0.74113228
-669.93333318	0.56677483
-669.89999984	0.43310414
-669.86666651	0.33826323
-669.83333318	0.27596831
-669.79999984	0.23734793
-669.76666651	0.21241936
-669.73333318	0.19177964
-669.69999984	0.16792735
-669.66666651	0.13630097
-669.63333318	0.09515812
-669.59999984	0.04463407
-669.56666651	-0.01353960
-669.53333317	-0.07698640
-669.49999984	-0.14208350
-669.46666651	-0.20419884
-669.43333317	-0.25746538
-669.39999984	-0.29471380
-669.36666651	-0.30876320
-669.33333317	-0.29398935
-669.29999984	-0.24788804
-669.26666651	-0.17202389
-669.23333317	-0.07246615
-669.19999984	0.04096661
-669.16666651	0.15655306
-669.13333317	0.26235013
-669.09999984	0.34753974
-669.06666650	0.40395699
-669.03333317	0.42682465
-668.99999984	0.41414687
-668.96666650	0.36632423
-668.93333317	0.28633822
-668.89999984	0.18004853
-668.86666650	0.05607098
-668.83333317	-0.07350273
-668.79999984	-0.19494248
-668.76666650	-0.29496476
-668.73333317	-0.36322807
-668.69999984	-0.39344838
-668.66666650	-0.38504338
-668.63333317	-0.34290571
-668.59999983	-0.27567348
-668.56666650	-0.19399602
-668.53333317	-0.10846015
-668.49999983	-0.02698936
-668.46666650	0.04582173
-668.43333317	0.10793625
-668.39999983	0.15917309
-668.36666650	0.19971354
-668.33333317	0.22953466
-668.29999983	0.24799847
-668.26666650	0.25429736
-668.23333316	0.24841756
-668.19999983	0.23121111
-668.16666650	0.20483365
-668.13333316	0.17206540
-668.09999983	0.13564984
-668.06666650	0.09784951
-668.03333316	0.06058835
-667.99999983	0.02539784
-667.96666650	-0.00681016
-667.93333316	-0.03555943
-667.89999983	-0.06094715
-667.86666650	-0.08397161
-667.83333316	-0.10619016
-667.79999983	-0.12893254
-667.76666649	-0.15234155
-667.73333316	-0.17496286
-667.69999983	-0.19397982
-667.66666649	-0.20550784
-667.63333316	-0.20545017
-667.59999983	-0.19064395
-667.56666649	-0.15951106
-667.53333316	-0.11269752
-667.49999983	-0.05291919
-667.46666649	0.01536638
-667.43333316	0.08733066
-667.39999983	0.15862357
-667.36666649	0.22486246
-667.33333316	0.28262412
-667.29999982	0.32828401
-667.26666649	0.35803231
-667.23333316	0.36757164
-667.19999982	0.35314614
-667.16666649	0.31196529
-667.13333316	0.24390273
-667.09999982	0.15258193
-667.06666649	0.04501033
-667.03333316	-0.06875353
-666.99999982	-0.17763785
-666.96666649	-0.27073539
-666.93333315	-0.33923671
-666.89999982	-0.37785581
-666.86666649	-0.38474310
-666.83333315	-0.36109327
-666.79999982	-0.31083961
-666.76666649	-0.24041967
-666.73333315	-0.15805379
-666.69999982	-0.07385453
-666.66666649	0.00207931
-666.63333315	0.06140237
-666.59999982	0.09828894
-666.56666649	0.11030545
-666.53333315	0.09847744
-666.49999982	0.06662823
-666.46666648	0.02015036
-666.43333315	-0.03458033
-666.39999982	-0.09103063
-666.36666648	-0.14368280
-666.33333315	-0.18838495
-666.29999982	-0.22249927
-666.26666648	-0.24498061
-666.23333315	-0.25595816
-666.19999982	-0.25632251
-666.16666648	-0.24699362
-666.13333315	-0.22891680
-666.09999982	-0.20292899
-666.06666648	-0.16980674
-666.03333315	-0.13077475
-665.99999981	-0.08733625
-665.96666648	-0.04139905
-665.93333315	0.00468626
-665.89999981	0.04779987
-665.86666648	0.08456884
-665.83333315	0.11178535
-665.79999981	0.12738646
-665.76666648	0.13124678
-665.73333315	0.12560409
-665.69999981	0.11526210
-665.66666648	0.10606714
-665.63333314	0.10347782
-665.59999981	0.11052997
-665.56666648	0.12637183
-665.53333314	0.14659167
-665.49999981	0.16429864
-665.46666648	0.17258044
-665.43333314	0.16694326
-665.39999981	0.14661733
-665.36666648	0.11445567
-665.33333314	0.07588889
-665.29999981	0.03668562
-665.26666648	0.00149733
-665.23333314	-0.02709304
-665.19999981	-0.04856423
-665.16666647	-0.06420553
-665.13333314	-0.07598950
-665.09999981	-0.08602168
-665.06666647	-0.09589464
-665.03333314	-0.10625697
-664.99999981	-0.11691222
-664.96666647	-0.12678010
-664.93333314	-0.13452412
-664.89999981	-0.13870796
-664.86666647	-0.13873570
-664.83333314	-0.13496958
-664.79999981	-0.12854780
-664.76666647	-0.12090975
-664.73333314	-0.11299224
-664.69999980	-0.10432166
-664.66666647	-0.09326905
-664.63333314	-0.07791856
-664.59999980	-0.05662887
-664.56666647	-0.02937586
-664.53333314	0.00182392
-664.49999980	0.03359518
-664.46666647	0.06191694
-664.43333314	0.08332796
-664.39999980	0.09552817
-664.36666647	0.09775856
-664.33333313	0.09066755
-664.29999980	0.07578698
-664.26666647	0.05516562
-664.23333313	0.03126059
-664.19999980	0.00647835
-664.16666647	-0.01600300
-664.13333313	-0.03288574
-664.09999980	-0.04126029
-664.06666647	-0.03957002
-664.03333313	-0.02823238
-663.99999980	-0.01015506
-663.96666647	0.01021338
-663.93333313	0.02872976
-663.89999980	0.04281417
-663.86666646	0.05248541
-663.83333313	0.06001921
-663.79999980	0.06852894
-663.76666646	0.08026270
-663.73333313	0.09532752
-663.69999980	0.11155486
-663.66666646	0.12495186
-663.63333313	0.13133218
-663.59999980	0.12763588
-663.56666646	0.11249863
-663.53333313	0.08690609
-663.49999980	0.05373611
-663.46666646	0.01714330
-663.43333313	-0.01918332
-663.39999979	-0.05186357
-663.36666646	-0.07848815
-663.33333313	-0.09818230
-663.29999979	-0.11114603
-663.26666646	-0.11807538
-663.23333313	-0.11991565
-663.19999979	-0.11753430
-663.16666646	-0.11138355
-663.13333313	-0.10136831
-663.09999979	-0.08721991
-663.06666646	-0.06891091
-663.03333312	-0.04713612
-662.99999979	-0.02390948
-662.96666646	-0.00215781
-662.93333312	0.01492757
-662.89999979	0.02470063
-662.86666646	0.02597094
-662.83333312	0.01944596
-662.79999979	0.00739425
-662.76666646	-0.00646247
-662.73333312	-0.01813621
-662.69999979	-0.02426013
-662.66666646	-0.02294917
-662.63333312	-0.01409145
-662.59999979	0.00096105
-662.56666645	0.01976126
-662.53333312	0.03948882
-662.49999979	0.05700246
-662.46666645	0.06956915
-662.43333312	0.07485031
-662.39999979	0.07161469
-662.36666645	0.05990373
-662.33333312	0.04095739
-662.29999979	0.01707177
-662.26666645	-0.00901817
-662.23333312	-0.03437319
-662.19999979	-0.05648708
-662.16666645	-0.07342969
-662.13333312	-0.08390630
-662.09999978	-0.08744143
-662.06666645	-0.08376576
-662.03333312	-0.07305279
-661.99999978	-0.05546841
-661.96666645	-0.03166496
-661.93333312	-0.00281893
-661.89999978	0.02913831
-661.86666645	0.06185076
-661.83333312	0.09308625
-661.79999978	0.12111172
-661.76666645	0.14488015
-661.73333311	0.16380080
-661.69999978	0.17758097
-661.66666645	0.18532489
-661.63333311	0.18553631
-661.59999978	0.17612447
-661.56666645	0.15507141
-661.53333311	0.12108976
-661.49999978	0.07478274
-661.46666645	0.01864314
-661.43333311	-0.04318178
-661.39999978	-0.10544018
-661.36666645	-0.16234609
-661.33333311	-0.20899103
-661.29999978	-0.24176386
-661.26666644	-0.25892498
-661.23333311	-0.26046727
-661.19999978	-0.24783172
-661.16666644	-0.22391635
-661.13333311	-0.19209704
-661.09999978	-0.15628270
-661.06666644	-0.12012477
-661.03333311	-0.08663366
-660.99999978	-0.05742415
-660.96666644	-0.03316156
-660.93333311	-0.01288512
-660.89999978	0.00497853
-660.86666644	0.02233581
-660.83333311	0.04021103
-660.79999977	0.05813960
-660.76666644	0.07431547
-660.73333311	0.08638824
-660.69999977	0.09160673
-660.66666644	0.08842197
-660.63333311	0.07687986
-660.59999977	0.05868901
-660.56666644	0.03729927
-660.53333311	0.01688267
-660.49999977	0.00141521
-660.46666644	-0.00657979
-660.43333310	-0.00640947
-660.39999977	0.00043115
-660.36666644	0.01114479
-660.33333310	0.02282398
-660.29999977	0.03318713
-660.26666644	0.04125755
-660.23333310	0.04755242
-660.19999977	0.05328756
-660.16666644	0.05975245
-660.13333310	0.06754269
-660.09999977	0.07611052
-660.06666644	0.08416579
-660.03333310	0.08999905
-659.99999977	0.09204337
-659.96666643	0.08955773
-659.93333310	0.08287602
-659.89999977	0.07332493
-659.86666643	0.06255398
-659.83333310	0.05209867
-659.79999977	0.04289401
-659.76666643	0.03463215
-659.73333310	0.02619653
-659.69999977	0.01590473
-659.66666643	0.00252139
-659.63333310	-0.01412993
-659.59999976	-0.03283842
-659.56666643	-0.05131120
-659.53333310	-0.06708444
-659.49999976	-0.07856470
-659.46666643	-0.08562195
-659.43333310	-0.09018019
-659.39999976	-0.09468726
-659.36666643	-0.10138249
-659.33333310	-0.11129714
-659.29999976	-0.12359789
-659.26666643	-0.13570493
-659.23333310	-0.14409491
-659.19999976	-0.14527722
-659.16666643	-0.13700434
-659.13333309	-0.11868563
-659.09999976	-0.09115354
-659.06666643	-0.05644848
-659.03333309	-0.01720876
-658.99999976	0.02408311
-658.96666643	0.06537262
-658.93333309	0.10502448
-658.89999976	0.14153059
-658.86666643	0.17362046
-658.83333309	0.19961560
-658.79999976	0.21752019
-658.76666643	0.22533955
-658.73333309	0.22121724
-658.69999976	0.20392706
-658.66666642	0.17333308
-658.63333309	0.13031842
-658.59999976	0.07711068
-658.56666642	0.01737278
-658.53333309	-0.04405237
-658.49999976	-0.10152841
-658.46666642	-0.14922211
-658.43333309	-0.18219742
-658.39999976	-0.19686986
-658.36666642	-0.19231305
-658.33333309	-0.16981522
-658.29999975	-0.13245308
-658.26666642	-0.08467482
-658.23333309	-0.03101415
-658.19999975	0.02409664
-658.16666642	0.07694729
-658.13333309	0.12456862
-658.09999975	0.16430952
-658.06666642	0.19389430
-658.03333309	0.21097190
-657.99999975	0.21358979
-657.96666642	0.20063971
-657.93333309	0.17251228
-657.89999975	0.13137409
-657.86666642	0.08108449
-657.83333308	0.02650327
-657.79999975	-0.02732178
-657.76666642	-0.07552936
-657.73333308	-0.11448313
-657.69999975	-0.14201775
-657.66666642	-0.15737255
-657.63333308	-0.16085955
-657.59999975	-0.15385227
-657.56666642	-0.13840263
-657.53333308	-0.11692974
-657.49999975	-0.09226839
-657.46666642	-0.06699126
-657.43333308	-0.04373094
-657.39999975	-0.02426927
-657.36666641	-0.00944464
-657.33333308	0.00069300
-657.29999975	0.00727228
-657.26666641	0.01206736
-657.23333308	0.01735983
-657.19999975	0.02536848
-657.16666641	0.03724708
-657.13333308	0.05342295
-657.09999975	0.07232559
-657.06666641	0.09127286
-657.03333308	0.10669851
-656.99999974	0.11520886
-656.96666641	0.11429113
-656.93333308	0.10271565
-656.89999974	0.08127658
-656.86666641	0.05186527
-656.83333308	0.01774600
-656.79999974	-0.01773965
-656.76666641	-0.05114114
-656.73333308	-0.07980381
-656.69999974	-0.10122494
-656.66666641	-0.11365945
-656.63333308	-0.11551061
-656.59999974	-0.10578416
-656.56666641	-0.08392508
-656.53333307	-0.05023844
-656.49999974	-0.00624707
-656.46666641	0.04535575
-656.43333307	0.10057735
-656.39999974	0.15436442
-656.36666641	0.20094361
-656.33333307	0.23490312
-656.29999974	0.25196162
-656.26666641	0.24946742
-656.23333307	0.22743426
-656.19999974	0.18823625
-656.16666641	0.13634461
-656.13333307	0.07783106
-656.09999974	0.01909898
-656.06666640	-0.03426373
-656.03333307	-0.07777097
-655.99999974	-0.10919000
-655.96666640	-0.12849654
-655.93333307	-0.13758097
-655.89999974	-0.13933221
-655.86666640	-0.13739712
-655.83333307	-0.13531147
-655.79999974	-0.13572583
-655.76666640	-0.13972961
-655.73333307	-0.14663522
-655.69999973	-0.15399715
-655.66666640	-0.15846120
-655.63333307	-0.15663126
-655.59999973	-0.14598216
-655.56666640	-0.12541571
-655.53333307	-0.09513497
-655.49999973	-0.05673756
-655.46666640	-0.01276860
-655.43333307	0.03383846
-655.39999973	0.08020904
-655.36666640	0.12361833
-655.33333307	0.16142109
-655.29999973	0.19100634
-655.26666640	0.20977969
-655.23333306	0.21546632
-655.19999973	0.20614678
-655.16666640	0.18119883
-655.13333306	0.14176274
-655.09999973	0.09061201
-655.06666640	0.03193655
-655.03333306	-0.02924612
-654.99999973	-0.08741083
-654.96666640	-0.13721283
-654.93333306	-0.17421420
-654.89999973	-0.19515432
-654.86666640	-0.19797194
-654.83333306	-0.18181451
-654.79999973	-0.14706291
-654.76666639	-0.09550693
-654.73333306	-0.03034488
-654.69999973	0.04318494
-654.66666639	0.11832047
-654.63333306	0.18763229
-654.59999973	0.24358678
-654.56666639	0.28006472
-654.53333306	0.29309118
-654.49999973	0.28118973
-654.46666639	0.24601457
-654.43333306	0.19170066
-654.39999972	0.12470582
-654.36666639	0.05183587
-654.33333306	-0.02005995
-654.29999972	-0.08558349
-654.26666639	-0.14109777
-654.23333306	-0.18511155
-654.19999972	-0.21725520
-654.16666639	-0.23845245
-654.13333306	-0.24988295
-654.09999972	-0.25296528
-654.06666639	-0.24840711
-654.03333306	-0.23639191
-653.99999972	-0.21655620
-653.96666639	-0.18827441
-653.93333305	-0.15142333
-653.89999972	-0.10688320
-653.86666639	-0.05670405
-653.83333305	-0.00412411
-653.79999972	0.04718614
-653.76666639	0.09361470
-653.73333305	0.13237984
-653.69999972	0.16144868
-653.66666639	0.17960368
-653.63333305	0.18654326
-653.59999972	0.18258659
-653.56666639	0.16861076
-653.53333305	0.14604317
-653.49999972	0.11708312
-653.46666638	0.08438192
-653.43333305	0.05095798
-653.39999972	0.01961344
-653.36666638	-0.00742275
-653.33333305	-0.02920252
-653.29999972	-0.04625589
-653.26666638	-0.05982092
-653.23333305	-0.07150948
-653.19999972	-0.08245491
-653.16666638	-0.09286579
-653.13333305	-0.10166782
-653.09999971	-0.10679198
-653.06666638	-0.10585381
-653.03333305	-0.09667407
-652.99999971	-0.07808532
-652.96666638	-0.05052875
-652.93333305	-0.01587565
-652.89999971	0.02287359
-652.86666638	0.06223185
-652.83333305	0.09877898
-652.79999971	0.12966782
-652.76666638	0.15270156
-652.73333305	0.16656025
-652.69999971	0.17017835
-652.66666638	0.16340091
-652.63333304	0.14650219
-652.59999971	0.12046123
-652.56666638	0.08702251
-652.53333304	0.04866414
-652.49999971	0.00826269
-652.46666638	-0.03102566
-652.43333304	-0.06592269
-652.39999971	-0.09394318
-652.36666638	-0.11334937
-652.33333304	-0.12359649
-652.29999971	-0.12509900
-652.26666638	-0.11910295
-652.23333304	-0.10745089
-652.19999971	-0.09183054
-652.16666637	-0.07415299
-652.13333304	-0.05586646
-652.09999971	-0.03813048
-652.06666637	-0.02164023
-652.03333304	-0.00660706
-651.99999971	0.00679255
-651.96666637	0.01856975
-651.93333304	0.02900952
-651.89999971	0.03838783
-651.86666637	0.04704508
-651.83333304	0.05505877
-651.79999970	0.06212552
-651.76666637	0.06781355
-651.73333304	0.07129159
-651.69999970	0.07174679
-651.66666637	0.06811852
-651.63333304	0.05987846
-651.59999970	0.04655163
-651.56666637	0.02854746
-651.53333304	0.00670114
-651.49999970	-0.01709622
-651.46666637	-0.04045787
-651.43333304	-0.06103661
-651.39999970	-0.07658549
-651.36666637	-0.08539795
-651.33333303	-0.08632992
-651.29999970	-0.07882829
-651.26666637	-0.06278133
-651.23333303	-0.03858233
-651.19999970	-0.00720029
-651.16666637	0.02978122
-651.13333303	0.07003347
-651.09999970	0.11052590
-651.06666637	0.14734539
-651.03333303	0.17622371
-650.99999970	0.19325413
-650.96666637	0.19577427
-650.93333303	0.18299720
-650.89999970	0.15606772
-650.86666636	0.11799357
-650.83333303	0.07302999
-650.79999970	0.02554961
-650.76666636	-0.02065908
-650.73333303	-0.06222666
-650.69999970	-0.09665721
-650.66666636	-0.12230172
-650.63333303	-0.13807364
-650.59999970	-0.14382021
-650.56666636	-0.14016137
-650.53333303	-0.12885899
-650.49999969	-0.11286731
-650.46666636	-0.09521648
-650.43333303	-0.07878599
-650.39999969	-0.06531737
-650.36666636	-0.05502805
-650.33333303	-0.04676690
-650.29999969	-0.03882972
-650.26666636	-0.02959445
-650.23333303	-0.01857197
-650.19999969	-0.00633151
-650.16666636	0.00546919
-650.13333303	0.01466567
-650.09999969	0.01973460
-650.06666636	0.02004701
-650.03333302	0.01617273
-649.99999969	0.00956814
-649.96666636	0.00198422
-649.93333302	-0.00496737
-649.89999969	-0.01006032
-649.86666636	-0.01265930
-649.83333302	-0.01254596
-649.79999969	-0.00964486
-649.76666636	-0.00400709
-649.73333302	0.00436807
-649.69999969	0.01525888
-649.66666636	0.02826852
-649.63333302	0.04265371
-649.59999969	0.05734250
-649.56666635	0.07101390
-649.53333302	0.08243211
-649.49999969	0.09035210
-649.46666635	0.09408449
-649.43333302	0.09301821
-649.39999969	0.08681154
-649.36666635	0.07550810
-649.33333302	0.05962370
-649.29999969	0.04024381
-649.26666635	0.01877097
-649.23333302	-0.00304604
-649.19999968	-0.02339075
-649.16666635	-0.04079179
-649.13333302	-0.05437699
-649.09999968	-0.06381241
-649.06666635	-0.06935725
-649.03333302	-0.07156006
-648.99999968	-0.07102515
-648.96666635	-0.06826565
-648.93333302	-0.06354266
-648.89999968	-0.05743853
-648.86666635	-0.05070259
-648.83333302	-0.04410639
-648.79999968	-0.03871649
-648.76666635	-0.03534202
-648.73333301	-0.03432319
-648.69999968	-0.03544057
-648.66666635	-0.03822907
-648.63333301	-0.04192779
-648.59999968	-0.04564575
-648.56666635	-0.04855057
-648.53333301	-0.04967170
-648.49999968	-0.04818957
-648.46666635	-0.04320880
-648.43333301	-0.03423767
-648.39999968	-0.02121847
-648.36666635	-0.00510557
-648.33333301	0.01250950
-648.29999968	0.02907710
-648.26666634	0.04201401
-648.23333301	0.04920337
-648.19999968	0.04968879
-648.16666634	0.04390077
-648.13333301	0.03328608
-648.09999968	0.02008026
-648.06666634	0.00675818
-648.03333301	-0.00476147
-647.99999968	-0.01347694
-647.96666634	-0.01909829
-647.93333301	-0.02198480
-647.89999967	-0.02268496
-647.86666634	-0.02154471
-647.83333301	-0.01874246
-647.79999967	-0.01392882
-647.76666634	-0.00669401
-647.73333301	0.00326415
-647.69999967	0.01592509
-647.66666634	0.03038416
-647.63333301	0.04543197
-647.59999967	0.05929649
-647.56666634	0.07014429
-647.53333301	0.07638595
-647.49999967	0.07703968
-647.46666634	0.07196600
-647.43333300	0.06171077
-647.39999967	0.04749785
-647.36666634	0.03076894
-647.33333300	0.01300406
-647.29999967	-0.00426742
-647.26666634	-0.01988578
-647.23333300	-0.03273459
-647.19999967	-0.04201156
-647.16666634	-0.04729928
-647.13333300	-0.04812573
-647.09999967	-0.04442272
-647.06666634	-0.03651640
-647.03333300	-0.02517873
-646.99999967	-0.01140337
-646.96666633	0.00318948
-646.93333300	0.01682559
-646.89999967	0.02795254
-646.86666633	0.03520998
-646.83333300	0.03770480
-646.79999967	0.03548367
-646.76666633	0.02899504
-646.73333300	0.01930492
-646.69999967	0.00796142
-646.66666633	-0.00380232
-646.63333300	-0.01489715
-646.59999966	-0.02489723
-646.56666633	-0.03358244
-646.53333300	-0.04112612
-646.49999966	-0.04769669
-646.46666633	-0.05321889
-646.43333300	-0.05722551
-646.39999966	-0.05919350
-646.36666633	-0.05860798
-646.33333300	-0.05501258
-646.29999966	-0.04867513
-646.26666633	-0.04011971
-646.23333300	-0.03028813
-646.19999966	-0.01997345
-646.16666633	-0.00956445
-646.13333299	0.00094262
-646.09999966	0.01219809
-646.06666633	0.02487124
-646.03333299	0.03972433
-645.99999966	0.05680173
-645.96666633	0.07535788
-645.93333299	0.09379603
-645.89999966	0.10992702
-645.86666633	0.12146324
-645.83333299	0.12629243
-645.79999966	0.12290600
-645.76666632	0.11064870
-645.73333299	0.08998011
-645.69999966	0.06225280
-645.66666632	0.03014035
-645.63333299	-0.00292636
-645.59999966	-0.03308482
-645.56666632	-0.05628343
-645.53333299	-0.06955485
-645.49999966	-0.07099219
-645.46666632	-0.06068397
-645.43333299	-0.04019400
-645.39999966	-0.01242687
-645.36666632	0.01849674
-645.33333299	0.04810666
-645.29999965	0.07215725
-645.26666632	0.08705491
-645.23333299	0.09051640
-645.19999965	0.08172607
-645.16666632	0.06157983
-645.13333299	0.03266828
-645.09999965	-0.00135443
-645.06666632	-0.03604243
-645.03333299	-0.06728201
-644.99999965	-0.09176356
-644.96666632	-0.10727802
-644.93333299	-0.11334489
-644.89999965	-0.11047191
-644.86666632	-0.10060171
-644.83333298	-0.08595382
-644.79999965	-0.06891437
-644.76666632	-0.05149862
-644.73333298	-0.03484957
-644.69999965	-0.01957918
-644.66666632	-0.00551951
-644.63333298	0.00782956
-644.59999965	0.02115894
-644.56666632	0.03477215
-644.53333298	0.04865527
-644.49999965	0.06234972
-644.46666631	0.07455790
-644.43333298	0.08405990
-644.39999965	0.08997696
-644.36666631	0.09196641
-644.33333298	0.09056965
-644.29999965	0.08705488
-644.26666631	0.08302851
-644.23333298	0.07975233
-644.19999965	0.07794182
-644.16666631	0.07724990
-644.13333298	0.07675664
-644.09999965	0.07494684
-644.06666631	0.07038824
-644.03333298	0.06214793
-643.99999964	0.04983404
-643.96666631	0.03382279
-643.93333298	0.01502969
-643.89999964	-0.00502454
-643.86666631	-0.02467839
-643.83333298	-0.04216610
-643.79999964	-0.05586025
-643.76666631	-0.06443888
-643.73333298	-0.06699794
-643.69999964	-0.06327860
-643.66666631	-0.05355512
-643.63333298	-0.03879839
-643.59999964	-0.02037588
-643.56666631	0.00006778
-643.53333297	0.02056044
-643.49999964	0.03926720
-643.46666631	0.05460377
-643.43333297	0.06504955
-643.39999964	0.06964584
-643.36666631	0.06783988
-643.33333297	0.05973602
-643.29999964	0.04616943
-643.26666631	0.02872547
-643.23333297	0.00942853
-643.19999964	-0.00936493
-643.16666630	-0.02580720
-643.13333297	-0.03871092
-643.09999964	-0.04794633
-643.06666630	-0.05417421
-643.03333297	-0.05851189
-642.99999964	-0.06184729
-642.96666630	-0.06469653
-642.93333297	-0.06684607
-642.89999964	-0.06753955
-642.86666630	-0.06568841
-642.83333297	-0.06017328
-642.79999964	-0.05014644
-642.76666630	-0.03534126
-642.73333297	-0.01587889
-642.69999963	0.00752470
-642.66666630	0.03351547
-642.63333297	0.06023941
-642.59999963	0.08541440
-642.56666630	0.10661776
-642.53333297	0.12134290
-642.49999963	0.12774275
-642.46666630	0.12481012
-642.43333297	0.11267634
-642.39999963	0.09252708
-642.36666630	0.06654293
-642.33333297	0.03724928
-642.29999963	0.00744603
-642.26666630	-0.02057222
-642.23333296	-0.04495540
-642.19999963	-0.06463689
-642.16666630	-0.07903123
-642.13333296	-0.08793022
-642.09999963	-0.09138330
-642.06666630	-0.08944896
-642.03333296	-0.08236040
-641.99999963	-0.07030093
-641.96666630	-0.05367341
-641.93333296	-0.03323629
-641.89999963	-0.01003415
-641.86666629	0.01442749
-641.83333296	0.03848772
-641.79999963	0.06029777
-641.76666629	0.07818833
-641.73333296	0.09069371
-641.69999963	0.09670019
-641.66666629	0.09560224
-641.63333296	0.08759019
-641.59999963	0.07317151
-641.56666629	0.05348006
-641.53333296	0.03005816
-641.49999963	0.00433762
-641.46666629	-0.02185397
-641.43333296	-0.04699551
-641.39999962	-0.06956567
-641.36666629	-0.08839857
-641.33333296	-0.10265732
-641.29999962	-0.11215063
-641.26666629	-0.11686564
-641.23333296	-0.11741447
-641.19999962	-0.11450135
-641.16666629	-0.10902205
-641.13333296	-0.10164565
-641.09999962	-0.09295419
-641.06666629	-0.08298847
-641.03333296	-0.07154201
-640.99999962	-0.05813017
-640.96666629	-0.04220554
-640.93333295	-0.02394672
-640.89999962	-0.00417182
-640.86666629	0.01550265
-640.83333295	0.03304538
-640.79999962	0.04628631
-640.76666629	0.05375080
-640.73333295	0.05484945
-640.69999962	0.05027890
-640.66666629	0.04152708
-640.63333295	0.03082899
-640.59999962	0.02043583
-640.56666628	0.01236330
-640.53333295	0.00781360
-640.49999962	0.00711736
-640.46666628	0.00964292
-640.43333295	0.01427527
-640.39999962	0.01932277
-640.36666628	0.02320963
-640.33333295	0.02450589
-640.29999962	0.02258830
-640.26666628	0.01732402
-640.23333295	0.00929805
-640.19999962	-0.00027153
-640.16666628	-0.00975126
-640.13333295	-0.01755516
-640.09999961	-0.02246360
-640.06666628	-0.02393854
-640.03333295	-0.02220866
-639.99999961	-0.01836995
-639.96666628	-0.01378720
-639.93333295	-0.00980716
-639.89999961	-0.00737265
-639.86666628	-0.00690350
-639.83333295	-0.00829753
-639.79999961	-0.01097446
-639.76666628	-0.01444246
-639.73333295	-0.01822523
-639.69999961	-0.02212804
-639.66666628	-0.02606314
-639.63333294	-0.03012527
-639.59999961	-0.03426351
-639.56666628	-0.03824578
-639.53333294	-0.04178738
-639.49999961	-0.04432751
-639.46666628	-0.04533694
-639.43333294	-0.04445150
-639.39999961	-0.04135002
-639.36666628	-0.03600213
-639.33333294	-0.02831123
-639.29999961	-0.01832065
-639.26666627	-0.00616742
-639.23333294	0.00796409
-639.19999961	0.02367452
-639.16666627	0.04037594
-639.13333294	0.05718283
-639.09999961	0.07316149
-639.06666627	0.08726269
-639.03333294	0.09846897
-638.99999961	0.10593443
-638.96666627	0.10914820
-638.93333294	0.10774576
-638.89999961	0.10178244
-638.86666627	0.09179129
-638.83333294	0.07883055
-638.79999960	0.06426369
-638.76666627	0.04974217
-638.73333294	0.03671762
-638.69999960	0.02607293
-638.66666627	0.01840904
-638.63333294	0.01349720
-638.59999960	0.01082646
-638.56666627	0.00946422
-638.53333294	0.00866381
-638.49999960	0.00773929
-638.46666627	0.00628490
-638.43333294	0.00435531
-638.39999960	0.00227451
-638.36666627	0.00064575
-638.33333293	-0.00011970
-638.29999960	0.00038252
-638.26666627	0.00209553
-638.23333293	0.00465088
-638.19999960	0.00745269
-638.16666627	0.00953634
-638.13333293	0.00988466
-638.09999960	0.00751436
-638.06666627	0.00179196
-638.03333293	-0.00737769
-637.99999960	-0.01966329
-637.96666626	-0.03401932
-637.93333293	-0.04906213
-637.89999960	-0.06321094
-637.86666626	-0.07472070
-637.83333293	-0.08193768
-637.79999960	-0.08373507
-637.76666626	-0.07928131
-637.73333293	-0.06839482
-637.69999960	-0.05193188
-637.66666626	-0.03143961
-637.63333293	-0.00951479
-637.59999960	0.01089764
-637.56666626	0.02683443
-637.53333293	0.03583995
-637.49999959	0.03664614
-637.46666626	0.02919556
-637.43333293	0.01484066
-637.39999959	-0.00416151
-637.36666626	-0.02451410
-637.33333293	-0.04297892
-637.29999959	-0.05685187
-637.26666626	-0.06415852
-637.23333293	-0.06418307
-637.19999959	-0.05751578
-637.16666626	-0.04567473
-637.13333293	-0.03076378
-637.09999959	-0.01500246
-637.06666626	-0.00020336
-637.03333292	0.01214340
-636.99999959	0.02134880
-636.96666626	0.02728631
-636.93333292	0.03017074
-636.89999959	0.03045172
-636.86666626	0.02870953
-636.83333292	0.02555596
-636.79999959	0.02135424
-636.76666626	0.01666221
-636.73333292	0.01196604
-636.69999959	0.00766050
-636.66666625	0.00407146
-636.63333292	0.00134895
-636.59999959	-0.00062418
-636.56666625	-0.00217768
-636.53333292	-0.00363711
-636.49999959	-0.00517849
-636.46666625	-0.00670802
-636.43333292	-0.00777797
-636.39999959	-0.00770001
-636.36666625	-0.00599915
-636.33333292	-0.00261043
-636.29999959	0.00210780
-636.26666625	0.00710140
-636.23333292	0.01111426
-636.19999958	0.01278953
-636.16666625	0.01136031
-636.13333292	0.00639679
-636.09999958	-0.00178792
-636.06666625	-0.01217685
-636.03333292	-0.02362149
-635.99999958	-0.03486576
-635.96666625	-0.04495942
-635.93333292	-0.05338795
-635.89999958	-0.05982336
-635.86666625	-0.06439951
-635.83333292	-0.06739586
-635.79999958	-0.06911300
-635.76666625	-0.06990989
-635.73333291	-0.06976956
-635.69999958	-0.06873363
-635.66666625	-0.06654211
-635.63333291	-0.06288349
-635.59999958	-0.05735049
-635.56666625	-0.04976028
-635.53333291	-0.03997934
-635.49999958	-0.02785572
-635.46666625	-0.01367766
-635.43333291	0.00200790
-635.39999958	0.01861258
-635.36666624	0.03511497
-635.33333291	0.05036363
-635.29999958	0.06324440
-635.26666624	0.07268478
-635.23333291	0.07794316
-635.19999958	0.07878350
-635.16666624	0.07521728
-635.13333291	0.06778467
-635.09999958	0.05730603
-635.06666624	0.04463115
-635.03333291	0.03058729
-634.99999958	0.01604030
-634.96666624	0.00200222
-634.93333291	-0.01077892
-634.89999957	-0.02159357
-634.86666624	-0.02995849
-634.83333291	-0.03549495
-634.79999957	-0.03811083
-634.76666624	-0.03767925
-634.73333291	-0.03420872
-634.69999957	-0.02793669
-634.66666624	-0.01956173
-634.63333291	-0.01005406
-634.59999957	-0.00065673
-634.56666624	0.00718941
-634.53333291	0.01202450
-634.49999957	0.01299464
-634.46666624	0.00985800
-634.43333290	0.00300141
-634.39999957	-0.00658108
-634.36666624	-0.01758154
-634.33333290	-0.02883785
-634.29999957	-0.03887723
-634.26666624	-0.04682766
-634.23333290	-0.05187179
-634.19999957	-0.05338049
-634.16666624	-0.05101320
-634.13333290	-0.04482790
-634.09999957	-0.03547470
-634.06666623	-0.02387731
-634.03333290	-0.01154921
-633.99999957	0.00008894
-633.96666623	0.00968686
-633.93333290	0.01635297
-633.89999957	0.01979406
-633.86666623	0.02009584
-633.83333290	0.01787771
-633.79999957	0.01413006
-633.76666623	0.01017765
-633.73333290	0.00729904
-633.69999957	0.00682225
-633.66666623	0.00975322
-633.63333290	0.01643592
-633.59999956	0.02694438
-633.56666623	0.04053634
-633.53333290	0.05600396
-633.49999956	0.07198050
-633.46666623	0.08686932
-633.43333290	0.09912971
-633.39999956	0.10764425
-633.36666623	0.11158996
-633.33333290	0.11054299
-633.29999956	0.10445494
-633.26666623	0.09346399
-633.23333290	0.07809764
-633.19999956	0.05920634
-633.16666623	0.03814303
-633.13333289	0.01654738
-633.09999956	-0.00368102
-633.06666623	-0.02051912
-633.03333289	-0.03256049
-632.99999956	-0.03914974
-632.96666623	-0.04019273
-632.93333289	-0.03657143
-632.89999956	-0.02950446
-632.86666623	-0.02046757
-632.83333289	-0.01073503
-632.79999956	-0.00123980
-632.76666622	0.00725570
-632.73333289	0.01438957
-632.69999956	0.01969945
-632.66666622	0.02284760
-632.63333289	0.02329639
-632.59999956	0.02073123
-632.56666622	0.01495800
-632.53333289	0.00615502
-632.49999956	-0.00505160
-632.46666622	-0.01789588
-632.43333289	-0.03128847
-632.39999956	-0.04421141
-632.36666622	-0.05599405
-632.33333289	-0.06603115
-632.29999955	-0.07421471
-632.26666622	-0.08071513
-632.23333289	-0.08608635
-632.19999955	-0.09087608
-632.16666622	-0.09556626
-632.13333289	-0.10012950
-632.09999955	-0.10460234
-632.06666622	-0.10864088
-632.03333289	-0.11187404
-631.99999955	-0.11414357
-631.96666622	-0.11547082
-631.93333288	-0.11588728
-631.89999955	-0.11548633
-631.86666622	-0.11431369
-631.83333288	-0.11224529
-631.79999955	-0.10926728
-631.76666622	-0.10513407
-631.73333288	-0.09994731
-631.69999955	-0.09400850
-631.66666622	-0.08763602
-631.63333288	-0.08138698
-631.59999955	-0.07547597
-631.56666622	-0.07026070
-631.53333288	-0.06571198
-631.49999955	-0.06164479
-631.46666621	-0.05790173
-631.43333288	-0.05400479
-631.39999955	-0.04965480
-631.36666621	-0.04457355
-631.33333288	-0.03885105
-631.29999955	-0.03293983
-631.26666621	-0.02762457
-631.23333288	-0.02395655
-631.19999955	-0.02266799
-631.16666621	-0.02444258
-631.13333288	-0.02920336
-631.09999955	-0.03634276
-631.06666621	-0.04487770
-631.03333288	-0.05356949
-630.99999954	-0.06111234
-630.96666621	-0.06643716
-630.93333288	-0.06900973
-630.89999954	-0.06858120
-630.86666621	-0.06554557
-630.83333288	-0.06044587
-630.79999954	-0.05425096
-630.76666621	-0.04795363
-630.73333288	-0.04250601
-630.69999954	-0.03866818
-630.66666621	-0.03665890
-630.63333287	-0.03626929
-630.59999954	-0.03666160
-630.56666621	-0.03657332
-630.53333287	-0.03480179
-630.49999954	-0.03056170
-630.46666621	-0.02337008
-630.43333287	-0.01356658
-630.39999954	-0.00213213
-630.36666621	0.00938367
-630.33333287	0.01914385
-630.29999954	0.02559247
-630.26666621	0.02755445
-630.23333287	0.02462257
-630.19999954	0.01728207
-630.16666620	0.00690230
-630.13333287	-0.00468807
-630.09999954	-0.01520602
-630.06666620	-0.02254121
-630.03333287	-0.02489806
-629.99999954	-0.02120351
-629.96666620	-0.01116641
-629.93333287	0.00475581
-629.89999954	0.02530367
-629.86666620	0.04866419
-629.83333287	0.07279758
-629.79999954	0.09597557
-629.76666620	0.11641989
-629.73333287	0.13299641
-629.69999953	0.14497505
-629.66666620	0.15204066
-629.63333287	0.15392112
-629.59999953	0.15050446
-629.56666620	0.14172846
-629.53333287	0.12784333
-629.49999953	0.10964351
-629.46666620	0.08847624
-629.43333287	0.06600984
-629.39999953	0.04430421
-629.36666620	0.02500472
-629.33333286	0.00948999
-629.29999953	-0.00160477
-629.26666620	-0.00841154
-629.23333286	-0.01130295
-629.19999953	-0.01113989
-629.16666620	-0.00875563
-629.13333286	-0.00492082
-629.09999953	-0.00008968
-629.06666620	0.00527989
-629.03333286	0.01079999
-628.99999953	0.01612096
-628.96666620	0.02102012
-628.93333286	0.02530360
-628.89999953	0.02887163
-628.86666619	0.03193512
-628.83333286	0.03486730
-628.79999953	0.03823284
-628.76666619	0.04257104
-628.73333286	0.04828357
-628.69999953	0.05527023
-628.66666619	0.06316066
-628.63333286	0.07088712
-628.59999953	0.07735149
-628.56666619	0.08136564
-628.53333286	0.08213038
-628.49999953	0.07927986
-628.46666619	0.07302103
-628.43333286	0.06445774
-628.39999952	0.05484946
-628.36666619	0.04584969
-628.33333286	0.03905606
-628.29999952	0.03565691
-628.26666619	0.03614463
-628.23333286	0.04048755
-628.19999952	0.04767656
-628.16666619	0.05688887
-628.13333286	0.06698230
-628.09999952	0.07697908
-628.06666619	0.08643310
-628.03333285	0.09502138
-627.99999952	0.10267457
-627.96666619	0.10931156
-627.93333285	0.11455856
-627.89999952	0.11799110
-627.86666619	0.11923875
-627.83333285	0.11795427
-627.79999952	0.11400638
-627.76666619	0.10769391
-627.73333285	0.09940432
-627.69999952	0.08953917
-627.66666619	0.07836084
-627.63333285	0.06617515
-627.59999952	0.05333873
-627.56666618	0.04038067
-627.53333285	0.02809387
-627.49999952	0.01743508
-627.46666618	0.00954865
-627.43333285	0.00538035
-627.39999952	0.00552104
-627.36666618	0.01028235
-627.33333285	0.01916097
-627.29999952	0.03123485
-627.26666618	0.04538844
-627.23333285	0.06043316
-627.19999952	0.07538294
-627.16666618	0.08942011
-627.13333285	0.10212785
-627.09999951	0.11311150
-627.06666618	0.12187304
-627.03333285	0.12777483
-626.99999951	0.12998937
-626.96666618	0.12763952
-626.93333285	0.12022996
-626.89999951	0.10783353
-626.86666618	0.09109622
-626.83333285	0.07128979
-626.79999951	0.04992569
-626.76666618	0.02861903
-626.73333284	0.00867656
-626.69999951	-0.00879252
-626.66666618	-0.02294061
-626.63333284	-0.03307874
-626.59999951	-0.03880394
-626.56666618	-0.03967664
-626.53333284	-0.03551982
-626.49999951	-0.02653841
-626.46666618	-0.01318039
-626.43333284	0.00368778
-626.39999951	0.02284592
-626.36666618	0.04280397
-626.33333284	0.06225069
-626.29999951	0.07996877
-626.26666617	0.09474679
-626.23333284	0.10566193
-626.19999951	0.11200516
-626.16666617	0.11334443
-626.13333284	0.10967248
-626.09999951	0.10126572
-626.06666617	0.08858861
-626.03333284	0.07251999
-625.99999951	0.05390257
-625.96666617	0.03361733
-625.93333284	0.01244350
-625.89999951	-0.00828411
-625.86666617	-0.02752226
-625.83333284	-0.04393876
-625.79999950	-0.05650993
-625.76666617	-0.06444331
-625.73333284	-0.06755589
-625.69999950	-0.06598070
-625.66666617	-0.06029234
-625.63333284	-0.05118077
-625.59999950	-0.03943269
-625.56666617	-0.02577170
-625.53333284	-0.01089589
-625.49999950	0.00447008
-625.46666617	0.01931098
-625.43333283	0.03242675
-625.39999950	0.04268777
-625.36666617	0.04902194
-625.33333283	0.05091890
-625.29999950	0.04831996
-625.26666617	0.04169762
-625.23333283	0.03189620
-625.19999950	0.01973458
-625.16666617	0.00613808
-625.13333283	-0.00827494
-625.09999950	-0.02286241
-625.06666617	-0.03694251
-625.03333283	-0.04963652
-624.99999950	-0.05997216
-624.96666616	-0.06671958
-624.93333283	-0.06895230
-624.89999950	-0.06636698
-624.86666616	-0.05918445
-624.83333283	-0.04837260
-624.79999950	-0.03500207
-624.76666616	-0.02032333
-624.73333283	-0.00522518
-624.69999950	0.00967320
-624.66666616	0.02402276
-624.63333283	0.03750115
-624.59999950	0.04996772
-624.56666616	0.06131546
-624.53333283	0.07110824
-624.49999949	0.07885289
-624.46666616	0.08406816
-624.43333283	0.08611451
-624.39999949	0.08479005
-624.36666616	0.08007572
-624.33333283	0.07237735
-624.29999949	0.06233946
-624.26666616	0.05067871
-624.23333283	0.03843882
-624.19999949	0.02612392
-624.16666616	0.01435418
-624.13333282	0.00337469
-624.09999949	-0.00665658
-624.06666616	-0.01555378
-624.03333282	-0.02319708
-623.99999949	-0.02935711
-623.96666616	-0.03398679
-623.93333282	-0.03702349
-623.89999949	-0.03864492
-623.86666616	-0.03894136
-623.83333282	-0.03821066
-623.79999949	-0.03651502
-623.76666616	-0.03389978
-623.73333282	-0.03028878
-623.69999949	-0.02559488
-623.66666615	-0.01969593
-623.63333282	-0.01283786
-623.59999949	-0.00540034
-623.56666615	0.00199344
-623.53333282	0.00842830
-623.49999949	0.01332927
-623.46666615	0.01622953
-623.43333282	0.01698385
-623.39999949	0.01600711
-623.36666615	0.01380516
-623.33333282	0.01095991
-623.29999949	0.00805052
-623.26666615	0.00548958
-623.23333282	0.00338680
-623.19999948	0.00172498
-623.16666615	0.00040218
-623.13333282	-0.00065929
-623.09999948	-0.00141833
-623.06666615	-0.00159148
-623.03333282	-0.00095461
-622.99999948	0.00072695
-622.96666615	0.00366561
-622.93333282	0.00773412
-622.89999948	0.01291252
-622.86666615	0.01876255
-622.83333281	0.02505854
-622.79999948	0.03126790
-622.76666615	0.03688516
-622.73333281	0.04131062
-622.69999948	0.04406682
-622.66666615	0.04456956
-622.63333281	0.04252910
-622.59999948	0.03793969
-622.56666615	0.03134602
-622.53333281	0.02341448
-622.49999948	0.01517377
-622.46666615	0.00728081
-622.43333281	0.00046076
-622.39999948	-0.00471596
-622.36666614	-0.00797215
-622.33333281	-0.00920412
-622.29999948	-0.00833502
-622.26666614	-0.00569250
-622.23333281	-0.00167359
-622.19999948	0.00304490
-622.16666614	0.00768998
-622.13333281	0.01165805
-622.09999948	0.01459649
-622.06666614	0.01635722
-622.03333281	0.01737735
-621.99999948	0.01803219
-621.96666614	0.01863961
-621.93333281	0.01940433
-621.89999947	0.02029250
-621.86666614	0.02095692
-621.83333281	0.02099168
-621.79999947	0.02018440
-621.76666614	0.01856412
-621.73333281	0.01651675
-621.69999947	0.01453059
-621.66666614	0.01340065
-621.63333281	0.01366780
-621.59999947	0.01582395
-621.56666614	0.02000965
-621.53333280	0.02597880
-621.49999947	0.03316273
-621.46666614	0.04079682
-621.43333280	0.04795953
-621.39999947	0.05371646
-621.36666614	0.05710275
-621.33333280	0.05752486
-621.29999947	0.05460684
-621.26666614	0.04842736
-621.23333280	0.03948758
-621.19999947	0.02854845
-621.16666614	0.01651256
-621.13333280	0.00418072
-621.09999947	-0.00782579
-621.06666613	-0.01905258
-621.03333280	-0.02927824
-620.99999947	-0.03829693
-620.96666613	-0.04577943
-620.93333280	-0.05151252
-620.89999947	-0.05532838
-620.86666613	-0.05731557
-620.83333280	-0.05767318
-620.79999947	-0.05667023
-620.76666613	-0.05480167
-620.73333280	-0.05228805
-620.69999947	-0.04923523
-620.66666613	-0.04568089
-620.63333280	-0.04140604
-620.59999946	-0.03648342
-620.56666613	-0.03095769
-620.53333280	-0.02513193
-620.49999946	-0.01959520
-620.46666613	-0.01506741
-620.43333280	-0.01217045
-620.39999946	-0.01148903
-620.36666613	-0.01307325
-620.33333280	-0.01663467
-620.29999946	-0.02158866
-620.26666613	-0.02704241
-620.23333279	-0.03224083
-620.19999946	-0.03652353
-620.16666613	-0.03954387
-620.13333279	-0.04101039
-620.09999946	-0.04083387
-620.06666613	-0.03901588
-620.03333279	-0.03537318
-619.99999946	-0.02991790
-619.96666613	-0.02275842
-619.93333279	-0.01406274
-619.89999946	-0.00432275
-619.86666613	0.00588024
-619.83333279	0.01581871
-619.79999946	0.02466928
-619.76666612	0.03185903
-619.73333279	0.03691047
-619.69999946	0.03943620
-619.66666612	0.03943258
-619.63333279	0.03713137
-619.59999946	0.03279583
-619.56666612	0.02700939
-619.53333279	0.02048387
-619.49999946	0.01365564
-619.46666612	0.00695868
-619.43333279	0.00078037
-619.39999945	-0.00484886
-619.36666612	-0.00993667
-619.33333279	-0.01445754
-619.29999945	-0.01805550
-619.26666612	-0.02046044
-619.23333279	-0.02108045
-619.19999945	-0.01965778
-619.16666612	-0.01607334
-619.13333279	-0.01044569
-619.09999945	-0.00313976
-619.06666612	0.00526775
-619.03333279	0.01424336
-618.99999945	0.02331525
-618.96666612	0.03188657
-618.93333278	0.03948349
-618.89999945	0.04546252
-618.86666612	0.04923461
-618.83333278	0.05025463
-618.79999945	0.04801926
-618.76666612	0.04248984
-618.73333278	0.03404425
-618.69999945	0.02358334
-618.66666612	0.01237016
-618.63333278	0.00163608
-618.59999945	-0.00755219
-618.56666612	-0.01432686
-618.53333278	-0.01849814
-618.49999945	-0.02012271
-618.46666611	-0.01953546
-618.43333278	-0.01712918
-618.39999945	-0.01335088
-618.36666611	-0.00838938
-618.33333278	-0.00226959
-618.29999945	0.00487976
-618.26666611	0.01298895
-618.23333278	0.02193593
-618.19999945	0.03145460
-618.16666611	0.04109737
-618.13333278	0.05059330
-618.09999944	0.05951578
-618.06666611	0.06754827
-618.03333278	0.07431516
-617.99999944	0.07951897
-617.96666611	0.08281591
-617.93333278	0.08407775
-617.89999944	0.08315784
-617.86666611	0.07977554
-617.83333278	0.07374716
-617.79999944	0.06507516
-617.76666611	0.05377578
-617.73333278	0.04004047
-617.69999944	0.02442664
-617.66666611	0.00746699
-617.63333277	-0.00975950
-617.59999944	-0.02619383
-617.56666611	-0.04071744
-617.53333277	-0.05245608
-617.49999944	-0.06068034
-617.46666611	-0.06502197
-617.43333277	-0.06532589
-617.39999944	-0.06174537
-617.36666611	-0.05417723
-617.33333277	-0.04297977
-617.29999944	-0.02857173
-617.26666611	-0.01152968
-617.23333277	0.00731749
-617.19999944	0.02688123
-617.16666610	0.04575100
-617.13333277	0.06267482
-617.09999944	0.07619920
-617.06666610	0.08537669
-617.03333277	0.08945474
-616.99999944	0.08817950
-616.96666610	0.08193250
-616.93333277	0.07142338
-616.89999944	0.05766114
-616.86666610	0.04178036
-616.83333277	0.02485512
-616.79999943	0.00799921
-616.76666610	-0.00781704
-616.73333277	-0.02160165
-616.69999943	-0.03244696
-616.66666610	-0.03948894
-616.63333277	-0.04200148
-616.59999943	-0.03953274
-616.56666610	-0.03202539
-616.53333277	-0.02009904
-616.49999943	-0.00478438
-616.46666610	0.01240755
-616.43333277	0.02971212
-616.39999943	0.04550539
-616.36666610	0.05855497
-616.33333276	0.06806212
-616.29999943	0.07363674
-616.26666610	0.07537839
-616.23333276	0.07356775
-616.19999943	0.06858595
-616.16666610	0.06086577
-616.13333276	0.05093886
-616.09999943	0.03955328
-616.06666610	0.02757421
-616.03333276	0.01609320
-615.99999943	0.00603893
-615.96666610	-0.00188250
-615.93333276	-0.00747967
-615.89999943	-0.01100322
-615.86666609	-0.01300826
-615.83333276	-0.01429514
-615.79999943	-0.01529975
-615.76666609	-0.01621037
-615.73333276	-0.01661186
-615.69999943	-0.01592067
-615.66666609	-0.01335245
-615.63333276	-0.00830560
-615.59999943	-0.00054451
-615.56666609	0.00961499
-615.53333276	0.02147248
-615.49999942	0.03395804
-615.46666609	0.04601755
-615.43333276	0.05663105
-615.39999942	0.06521257
-615.36666609	0.07141294
-615.33333276	0.07519269
-615.29999942	0.07677965
-615.26666609	0.07639369
-615.23333276	0.07419865
-615.19999942	0.07027291
-615.16666609	0.06436370
-615.13333276	0.05646406
-615.09999942	0.04640276
-615.06666609	0.03471548
-615.03333275	0.02192199
-614.99999942	0.00905842
-614.96666609	-0.00281923
-614.93333275	-0.01272314
-614.89999942	-0.02007279
-614.86666609	-0.02468212
-614.83333275	-0.02675124
-614.79999942	-0.02680163
-614.76666609	-0.02546291
-614.73333275	-0.02328089
-614.69999942	-0.02074074
-614.66666609	-0.01803715
-614.63333275	-0.01542830
-614.59999942	-0.01319114
-614.56666608	-0.01131140
-614.53333275	-0.00985044
-614.49999942	-0.00881864
-614.46666608	-0.00778261
-614.43333275	-0.00621797
-614.39999942	-0.00358266
-614.36666608	0.00034160
-614.33333275	0.00586163
-614.29999942	0.01258964
-614.26666608	0.02012833
-614.23333275	0.02752167
-614.19999941	0.03385328
-614.16666608	0.03831974
-614.13333275	0.04033975
-614.09999941	0.03956735
-614.06666608	0.03598334
-614.03333275	0.02973695
-613.99999941	0.02163643
-613.96666608	0.01225684
-613.93333275	0.00258944
-613.89999941	-0.00617735
-613.86666608	-0.01313629
-613.83333275	-0.01730813
-613.79999941	-0.01793180
-613.76666608	-0.01465793
-613.73333274	-0.00747918
-613.69999941	0.00290481
-613.66666608	0.01556837
-613.63333274	0.02896331
-613.59999941	0.04171547
-613.56666608	0.05250846
-613.53333274	0.06042181
-613.49999941	0.06481585
-613.46666608	0.06548217
-613.43333274	0.06256103
-613.39999941	0.05652364
-613.36666608	0.04821269
-613.33333274	0.03837182
-613.29999941	0.02792249
-613.26666607	0.01764578
-613.23333274	0.00826170
-613.19999941	0.00031081
-613.16666607	-0.00585212
-613.13333274	-0.01026156
-613.09999941	-0.01281239
-613.06666607	-0.01395191
-613.03333274	-0.01386915
-612.99999941	-0.01296311
-612.96666607	-0.01159388
-612.93333274	-0.01008320
-612.89999940	-0.00882723
-612.86666607	-0.00801232
-612.83333274	-0.00773725
-612.79999940	-0.00784030
-612.76666607	-0.00797771
-612.73333274	-0.00761714
-612.69999940	-0.00600158
-612.66666607	-0.00265370
-612.63333274	0.00254361
-612.59999940	0.00936710
-612.56666607	0.01719630
-612.53333274	0.02508630
-612.49999940	0.03189600
-612.46666607	0.03682515
-612.43333273	0.03934322
-612.39999940	0.03948583
-612.36666607	0.03758553
-612.33333273	0.03433170
-612.29999940	0.03066200
-612.26666607	0.02734967
-612.23333273	0.02487200
-612.19999940	0.02341733
-612.16666607	0.02279678
-612.13333273	0.02263607
-612.09999940	0.02247464
-612.06666607	0.02181319
-612.03333273	0.02050825
-611.99999940	0.01859413
-611.96666606	0.01609034
-611.93333273	0.01344729
-611.89999940	0.01104353
-611.86666606	0.00934817
-611.83333273	0.00855724
-611.79999940	0.00868976
-611.76666606	0.00971841
-611.73333273	0.01135570
-611.69999940	0.01337530
-611.66666606	0.01549760
-611.63333273	0.01762636
-611.59999939	0.01988945
-611.56666606	0.02209833
-611.53333273	0.02418988
-611.49999939	0.02592934
-611.46666606	0.02695314
-611.43333273	0.02675437
-611.39999939	0.02508549
-611.36666606	0.02190671
-611.33333273	0.01752018
-611.29999939	0.01246300
-611.26666606	0.00719559
-611.23333273	0.00238655
-611.19999939	-0.00152428
-611.16666606	-0.00431000
-611.13333272	-0.00584005
-611.09999939	-0.00617546
-611.06666606	-0.00533738
-611.03333272	-0.00348424
-610.99999939	-0.00085072
-610.96666606	0.00240727
-610.93333272	0.00603273
-610.89999939	0.00986632
-610.86666606	0.01378599
-610.83333272	0.01760767
-610.79999939	0.02128286
-610.76666606	0.02454585
-610.73333272	0.02696456
-610.69999939	0.02833614
-610.66666605	0.02831053
-610.63333272	0.02679004
-610.59999939	0.02371752
-610.56666605	0.01942149
-610.53333272	0.01429986
-610.49999939	0.00886052
-610.46666605	0.00371715
-610.43333272	-0.00054658
-610.39999939	-0.00346828
-610.36666605	-0.00461845
-610.33333272	-0.00394700
-610.29999938	-0.00126189
-610.26666605	0.00336058
-610.23333272	0.00960197
-610.19999938	0.01695278
-610.16666605	0.02498601
-610.13333272	0.03315447
-610.09999938	0.04100916
-610.06666605	0.04809396
-610.03333272	0.05437989
-609.99999938	0.05971500
-609.96666605	0.06397750
-609.93333272	0.06710455
-609.89999938	0.06882178
-609.86666605	0.06891605
-609.83333271	0.06711169
-609.79999938	0.06343550
-609.76666605	0.05799089
-609.73333271	0.05112970
-609.69999938	0.04327935
-609.66666605	0.03469277
-609.63333271	0.02571722
-609.59999938	0.01645201
-609.56666605	0.00701497
-609.53333271	-0.00249836
-609.49999938	-0.01182980
-609.46666605	-0.02047492
-609.43333271	-0.02790591
-609.39999938	-0.03339306
-609.36666604	-0.03609195
-609.33333271	-0.03572036
-609.29999938	-0.03223300
-609.26666604	-0.02585920
-609.23333271	-0.01726325
-609.19999938	-0.00716760
-609.16666604	0.00352249
-609.13333271	0.01403552
-609.09999938	0.02370435
-609.06666604	0.03199844
-609.03333271	0.03861775
-608.99999937	0.04337448
-608.96666604	0.04634529
-608.93333271	0.04752710
-608.89999937	0.04697459
-608.86666604	0.04487715
-608.83333271	0.04138909
-608.79999937	0.03682657
-608.76666604	0.03165192
-608.73333271	0.02648076
-608.69999937	0.02187465
-608.66666604	0.01834591
-608.63333271	0.01625900
-608.59999937	0.01584569
-608.56666604	0.01709448
-608.53333270	0.02004518
-608.49999937	0.02450693
-608.46666604	0.03037189
-608.43333270	0.03717325
-608.39999937	0.04438880
-608.36666604	0.05154742
-608.33333270	0.05793527
-608.29999937	0.06292253
-608.26666604	0.06604475
-608.23333270	0.06698960
-608.19999937	0.06565488
-608.16666604	0.06218937
-608.13333270	0.05699154
-608.09999937	0.05049061
-608.06666603	0.04319637
-608.03333270	0.03579015
-607.99999937	0.02849131
-607.96666603	0.02155387
-607.93333270	0.01495633
-607.89999937	0.00868987
-607.86666603	0.00255747
-607.83333270	-0.00342698
-607.79999937	-0.00930415
-607.76666603	-0.01473623
-607.73333270	-0.01937152
-607.69999936	-0.02301895
-607.66666603	-0.02535318
-607.63333270	-0.02627034
-607.59999936	-0.02567320
-607.56666603	-0.02370589
-607.53333270	-0.02030338
-607.49999936	-0.01555449
-607.46666603	-0.00947973
-607.43333270	-0.00226438
-607.39999936	0.00594236
-607.36666603	0.01483051
-607.33333270	0.02383695
-607.29999936	0.03229886
-607.26666603	0.03955935
-607.23333269	0.04492137
-607.19999936	0.04796494
-607.16666603	0.04810828
-607.13333269	0.04546329
-607.09999936	0.04034193
-607.06666603	0.03311144
-607.03333269	0.02456474
-606.99999936	0.01547516
-606.96666603	0.00651153
-606.93333269	-0.00163626
-606.89999936	-0.00861182
-606.86666603	-0.01417084
-606.83333269	-0.01808391
-606.79999936	-0.02026519
-606.76666602	-0.02077878
-606.73333269	-0.01960553
-606.69999936	-0.01689924
-606.66666602	-0.01293083
-606.63333269	-0.00804554
-606.59999936	-0.00249012
-606.56666602	0.00331450
-606.53333269	0.00901697
-606.49999936	0.01414180
-606.46666602	0.01864565
-606.43333269	0.02229575
-606.39999935	0.02519604
-606.36666602	0.02742425
-606.33333269	0.02906954
-606.29999935	0.03000943
-606.26666602	0.03029163
-606.23333269	0.02966389
-606.19999935	0.02800750
-606.16666602	0.02529339
-606.13333269	0.02169000
-606.09999935	0.01753189
-606.06666602	0.01324310
-606.03333269	0.00939001
-605.99999935	0.00635910
-605.96666602	0.00431125
-605.93333268	0.00336183
-605.89999935	0.00326698
-605.86666602	0.00394159
-605.83333268	0.00492937
-605.79999935	0.00603983
-605.76666602	0.00689493
-605.73333268	0.00731251
-605.69999935	0.00718953
-605.66666602	0.00643260
-605.63333268	0.00526375
-605.59999935	0.00385122
-605.56666601	0.00244366
-605.53333268	0.00152663
-605.49999935	0.00127279
-605.46666601	0.00186144
-605.43333268	0.00318957
-605.39999935	0.00502692
-605.36666601	0.00698431
-605.33333268	0.00866467
-605.29999935	0.00952154
-605.26666601	0.00940373
-605.23333268	0.00833121
-605.19999935	0.00666341
-605.16666601	0.00485560
-605.13333268	0.00356595
-605.09999934	0.00335057
-605.06666601	0.00442711
-605.03333268	0.00687916
-604.99999934	0.01025278
-604.96666601	0.01425493
-604.93333268	0.01840532
-604.89999934	0.02245643
-604.86666601	0.02610623
-604.83333268	0.02930022
-604.79999934	0.03210608
-604.76666601	0.03436860
-604.73333268	0.03592124
-604.69999934	0.03673235
-604.66666601	0.03674477
-604.63333267	0.03587851
-604.59999934	0.03414453
-604.56666601	0.03177948
-604.53333267	0.02900297
-604.49999934	0.02620416
-604.46666601	0.02362937
-604.43333267	0.02159020
-604.39999934	0.02024250
-604.36666601	0.01975386
-604.33333267	0.01999429
-604.29999934	0.02089706
-604.26666600	0.02216995
-604.23333267	0.02348460
-604.19999934	0.02431120
-604.16666600	0.02432701
-604.13333267	0.02326628
-604.09999934	0.02093165
-604.06666600	0.01752007
-604.03333267	0.01324604
-603.99999934	0.00867038
-603.96666600	0.00408025
-603.93333267	-0.00003643
-603.89999934	-0.00342082
-603.86666600	-0.00601939
-603.83333267	-0.00765057
-603.79999933	-0.00835788
-603.76666600	-0.00829460
-603.73333267	-0.00738958
-603.69999933	-0.00568511
-603.66666600	-0.00327270
-603.63333267	-0.00032431
-603.59999933	0.00313216
-603.56666600	0.00686468
-603.53333267	0.01050417
-603.49999933	0.01380536
-603.46666600	0.01663672
-603.43333267	0.01874041
-603.39999933	0.02015509
-603.36666600	0.02098098
-603.33333266	0.02158156
-603.29999933	0.02232419
-603.26666600	0.02341230
-603.23333266	0.02504797
-603.19999933	0.02722595
-603.16666600	0.02968939
-603.13333266	0.03213304
-603.09999933	0.03428613
-603.06666600	0.03597957
-603.03333266	0.03693003
-602.99999933	0.03708484
-602.96666599	0.03650087
-602.93333266	0.03517871
-602.89999933	0.03313967
-602.86666599	0.03024025
-602.83333266	0.02671075
-602.79999933	0.02252863
-602.76666599	0.01782904
-602.73333266	0.01277806
-602.69999933	0.00761023
-602.66666599	0.00258134
-602.63333266	-0.00202978
-602.59999933	-0.00588788
-602.56666599	-0.00887348
-602.53333266	-0.01080778
-602.49999932	-0.01151467
-602.46666599	-0.01117529
-602.43333266	-0.00993835
-602.39999932	-0.00817781
-602.36666599	-0.00611695
-602.33333266	-0.00398970
-602.29999932	-0.00195584
-602.26666599	-0.00007182
-602.23333266	0.00151463
-602.19999932	0.00284145
-602.16666599	0.00391553
-602.13333266	0.00477510
-602.09999932	0.00551784
-602.06666599	0.00609358
-602.03333265	0.00672975
-601.99999932	0.00738161
-601.96666599	0.00797124
-601.93333265	0.00847452
-601.89999932	0.00870897
-601.86666599	0.00867084
-601.83333265	0.00824697
-601.79999932	0.00755613
-601.76666599	0.00662289
-601.73333265	0.00553723
-601.69999932	0.00426753
-601.66666598	0.00302034
-601.63333265	0.00178518
-601.59999932	0.00078040
-601.56666598	0.00020047
-601.53333265	0.00032962
-601.49999932	0.00136696
-601.46666598	0.00340249
-601.43333265	0.00639125
-601.39999932	0.00995904
-601.36666598	0.01363933
-601.33333265	0.01686965
-601.29999932	0.01904502
-601.26666598	0.01981650
-601.23333265	0.01904774
-601.19999931	0.01703393
-601.16666598	0.01430501
-601.13333265	0.01161368
-601.09999931	0.00941867
-601.06666598	0.00840894
-601.03333265	0.00872778
-600.99999931	0.01029919
-600.96666598	0.01279839
-600.93333265	0.01578757
-600.89999931	0.01877463
-600.86666598	0.02125330
-600.83333265	0.02305151
-600.79999931	0.02391234
-600.76666598	0.02396860
-600.73333264	0.02328187
-600.69999931	0.02204621
-600.66666598	0.02035303
-600.63333264	0.01828673
-600.59999931	0.01589979
-600.56666598	0.01315357
-600.53333264	0.01008107
-600.49999931	0.00679389
-600.46666598	0.00350871
-600.43333264	0.00039375
-600.39999931	-0.00231007
-600.36666597	-0.00455190
-600.33333264	-0.00621570
-600.29999931	-0.00718741
-600.26666597	-0.00758920
-600.23333264	-0.00733682
-600.19999931	-0.00670151
-600.16666597	-0.00562087
-600.13333264	-0.00451634
-600.09999931	-0.00348427
-600.06666597	-0.00282766
-600.03333264	-0.00269845
-599.99999931	-0.00327550
-599.96666597	-0.00457062
-599.93333264	-0.00666651
-599.89999930	-0.00921462
-599.86666597	-0.01191312
-599.83333264	-0.01419210
-599.79999930	-0.01566750
-599.76666597	-0.01591117
-599.73333264	-0.01481728
-599.69999930	-0.01252454
-599.66666597	-0.00956918
-599.63333264	-0.00639403
-599.59999930	-0.00355339
-599.56666597	-0.00146729
-599.53333264	-0.00035888
-599.49999930	-0.00018351
-599.46666597	-0.00069757
-599.43333263	-0.00162598
-599.39999930	-0.00258766
-599.36666597	-0.00320509
-599.33333263	-0.00320591
-599.29999930	-0.00256718
-599.26666597	-0.00120242
-599.23333263	0.00080942
-599.19999930	0.00324158
-599.16666597	0.00596786
-599.13333263	0.00850096
-599.09999930	0.01058716
-599.06666596	0.01200517
-599.03333263	0.01231534
-598.99999930	0.01133068
-598.96666596	0.00889647
-598.93333263	0.00503783
-598.89999930	-0.00014498
-598.86666596	-0.00634288
-598.83333263	-0.01320220
-598.79999930	-0.02037613
-598.76666596	-0.02747100
-598.73333263	-0.03423852
-598.69999930	-0.04041807
-598.66666596	-0.04574551
-598.63333263	-0.04996441
-598.59999929	-0.05295474
-598.56666596	-0.05439175
-598.53333263	-0.05434387
-598.49999929	-0.05304389
-598.46666596	-0.05083338
-598.43333263	-0.04824432
-598.39999929	-0.04577990
-598.36666596	-0.04374937
-598.33333263	-0.04228218
-598.29999929	-0.04118998
-598.26666596	-0.04023965
-598.23333263	-0.03918227
-598.19999929	-0.03782729
-598.16666596	-0.03608137
-598.13333262	-0.03399160
-598.09999929	-0.03159084
-598.06666596	-0.02900933
-598.03333262	-0.02630263
-597.99999929	-0.02341651
-597.96666596	-0.02053090
-597.93333262	-0.01785271
-597.89999929	-0.01548510
-597.86666596	-0.01389589
-597.83333262	-0.01322512
-597.79999929	-0.01381593
-597.76666595	-0.01560852
-597.73333262	-0.01851275
-597.69999929	-0.02217589
-597.66666595	-0.02630631
-597.63333262	-0.03044893
-597.59999929	-0.03420808
-597.56666595	-0.03735910
-597.53333262	-0.03970556
-597.49999929	-0.04127021
-597.46666595	-0.04190866
-597.43333262	-0.04180284
-597.39999929	-0.04070150
-597.36666595	-0.03880451
-597.33333262	-0.03605643
-597.29999928	-0.03287941
-597.26666595	-0.02936073
-597.23333262	-0.02600815
-597.19999928	-0.02306176
-597.16666595	-0.02096337
-597.13333262	-0.01998719
-597.09999928	-0.02022076
-597.06666595	-0.02169427
-597.03333262	-0.02433212
-596.99999928	-0.02784959
-596.96666595	-0.03190323
-596.93333262	-0.03615638
-596.89999928	-0.04025810
-596.86666595	-0.04390800
-596.83333261	-0.04682719
-596.79999928	-0.04872094
-596.76666595	-0.04956819
-596.73333261	-0.04934281
-596.69999928	-0.04806358
-596.66666595	-0.04585451
-596.63333261	-0.04275974
-596.59999928	-0.03914270
-596.56666595	-0.03515606
-596.53333261	-0.03115404
-596.49999928	-0.02743190
-596.46666594	-0.02438758
-596.43333261	-0.02213545
-596.39999928	-0.02076091
-596.36666594	-0.02036237
-596.33333261	-0.02061862
-596.29999928	-0.02135506
-596.26666594	-0.02230254
-596.23333261	-0.02307836
-596.19999928	-0.02361228
-596.16666594	-0.02373430
-596.13333261	-0.02360566
-596.09999928	-0.02315415
-596.06666594	-0.02251705
-596.03333261	-0.02175377
-595.99999927	-0.02099892
-595.96666594	-0.02042493
-595.93333261	-0.02013642
-595.89999927	-0.02034656
-595.86666594	-0.02105611
-595.83333261	-0.02217639
-595.79999927	-0.02338161
-595.76666594	-0.02433288
-595.73333261	-0.02466861
-595.69999927	-0.02399546
-595.66666594	-0.02244038
-595.63333261	-0.02005609
-595.59999927	-0.01704945
-595.56666594	-0.01374925
-595.53333260	-0.01032217
-595.49999927	-0.00684610
-595.46666594	-0.00347245
-595.43333260	-0.00032687
-595.39999927	0.00226809
-595.36666594	0.00400540
-595.33333260	0.00448890
-595.29999927	0.00359923
-595.26666594	0.00118229
-595.23333260	-0.00248331
-595.19999927	-0.00702127
-595.16666593	-0.01205786
-595.13333260	-0.01718285
-595.09999927	-0.02214248
-595.06666593	-0.02652094
-595.03333260	-0.03007710
-594.99999927	-0.03271835
-594.96666593	-0.03426299
-594.93333260	-0.03464826
-594.89999927	-0.03413171
-594.86666593	-0.03276691
-594.83333260	-0.03097377
-594.79999927	-0.02905254
-594.76666593	-0.02728302
-594.73333260	-0.02603127
-594.69999926	-0.02531217
-594.66666593	-0.02516055
-594.63333260	-0.02534264
-594.59999926	-0.02577056
-594.56666593	-0.02626271
-594.53333260	-0.02653285
-594.49999926	-0.02661271
-594.46666593	-0.02650216
-594.43333260	-0.02610810
-594.39999926	-0.02558772
-594.36666593	-0.02504066
-594.33333260	-0.02446629
-594.29999926	-0.02378207
-594.26666593	-0.02299191
-594.23333259	-0.02203234
-594.19999926	-0.02084440
-594.16666593	-0.01940785
-594.13333259	-0.01763311
-594.09999926	-0.01552334
-594.06666593	-0.01320315
-594.03333259	-0.01058133
-593.99999926	-0.00787952
-593.96666593	-0.00517540
-593.93333259	-0.00259619
-593.89999926	-0.00026210
-593.86666592	0.00175901
-593.83333259	0.00337887
-593.79999926	0.00453715
-593.76666592	0.00517011
-593.73333259	0.00512938
-593.69999926	0.00429855
-593.66666592	0.00265664
-593.63333259	0.00019781
-593.59999926	-0.00287374
-593.56666592	-0.00633431
-593.53333259	-0.00987521
-593.49999926	-0.01320431
-593.46666592	-0.01622029
-593.43333259	-0.01889678
-593.39999925	-0.02125563
-593.36666592	-0.02333125
-593.33333259	-0.02509204
-593.29999925	-0.02645464
-593.26666592	-0.02730769
-593.23333259	-0.02739429
-593.19999925	-0.02665667
-593.16666592	-0.02498779
-593.13333259	-0.02248835
-593.09999925	-0.01930333
-593.06666592	-0.01571078
-593.03333259	-0.01199611
-592.99999925	-0.00843464
-592.96666592	-0.00525177
-592.93333258	-0.00255336
-592.89999925	-0.00040480
-592.86666592	0.00119268
-592.83333258	0.00226115
-592.79999925	0.00281088
-592.76666592	0.00284179
-592.73333258	0.00242403
-592.69999925	0.00158781
-592.66666592	0.00051144
-592.63333258	-0.00063697
-592.59999925	-0.00167394
-592.56666591	-0.00242241
-592.53333258	-0.00276983
-592.49999925	-0.00268538
-592.46666591	-0.00219448
-592.43333258	-0.00136219
-592.39999925	-0.00030677
-592.36666591	0.00089556
-592.33333258	0.00212689
-592.29999925	0.00333532
-592.26666591	0.00446004
-592.23333258	0.00547790
-592.19999925	0.00637076
-592.16666591	0.00709033
-592.13333258	0.00761545
-592.09999924	0.00789495
-592.06666591	0.00790710
-592.03333258	0.00763168
-591.99999924	0.00712304
-591.96666591	0.00638748
-591.93333258	0.00553482
-591.89999924	0.00457075
-591.86666591	0.00358837
-591.83333258	0.00267928
-591.79999924	0.00187579
-591.76666591	0.00122649
-591.73333257	0.00077426
-591.69999924	0.00051281
-591.66666591	0.00042334
-591.63333257	0.00044836
-591.59999924	0.00054994
-591.56666591	0.00066339
-591.53333257	0.00074906
-591.49999924	0.00079426
-591.46666591	0.00080356
-591.43333257	0.00077850
-591.39999924	0.00073636
-591.36666591	0.00070143
-591.33333257	0.00068636
-591.29999924	0.00070117
-591.26666590	0.00074377
-591.23333257	0.00079959
-591.19999924	0.00086008
-591.16666590	0.00090583
-591.13333257	0.00092681
-591.09999924	0.00091664
-591.06666590	0.00087364
-591.03333257	0.00080321
-590.99999924	0.00071319
-590.96666590	0.00061021
-590.93333257	0.00050348
-590.89999924	0.00039753
-590.86666590	0.00029649
-590.83333257	0.00020444
-590.79999923	0.00012595
-590.76666590	0.00006459
-590.73333257	0.00001944
-590.69999923	-0.00000839
-590.66666590	-0.00002108
-590.63333257	-0.00002459
-590.59999923	-0.00002154
-590.56666590	-0.00001572
-590.53333257	-0.00000954
-590.49999923	-0.00000453
-590.46666590	-0.00000138
-590.43333256	-0.00000012
-590.39999923	0.00000000
