221   11.833113 2.595E-39 6.351E-18.06630.066 2329.91160.810.000000              1              1                    S  0q     344440 4 3 2 1 1 0    30.0    6.0
221   11.937345 2.286E-34 6.813E-18.06630.066    0.00000.810.000000              0              0                    S  0q     344440 4 3 2 1 1 0    30.0    6.0
221   19.721395 1.734E-38 1.050E-16.06210.062 2333.85600.790.000000              1              1                    S  1q     344440 4 3 2 1 1 0    21.0    9.0
221   19.895115 1.527E-33 1.126E-16.06210.062    3.97920.790.000000              0              0                    S  1q     344440 4 3 2 1 1 0    21.0    9.0
221   27.608986 1.798E-37 6.274E-16.05880.059 2341.74470.780.000000              1              1                    S  2q     344440 4 3 2 1 1 0    54.0   30.0
221   27.852196 1.582E-32 6.727E-16.05880.059   11.93730.780.000000              0              0                    S  2q     344440 4 3 2 1 1 0    54.0   30.0
221   35.495612 2.949E-37 2.336E-15.05620.056 2353.57740.770.000000              1              1                    S  3q     344440 4 3 2 1 1 0    33.0   21.0
221   35.808313 2.594E-32 2.506E-15.05620.056   23.87430.770.000000              0              0                    S  3q     344440 4 3 2 1 1 0    33.0   21.0
221   43.380995 1.468E-36 6.615E-15.05420.054 2369.35370.760.000000              1              1                    S  4q     344440 4 3 2 1 1 0    78.0   54.0
221   43.763189 1.290E-31 7.094E-15.05420.054   39.78950.760.000000              0              0                    S  4q     344440 4 3 2 1 1 0    78.0   54.0
221   51.264860 1.513E-36 1.565E-14.05250.052 2389.07300.760.000000              1              1                    S  5q     344440 4 3 2 1 1 0    45.0   33.0
221   51.716550 1.328E-31 1.679E-14.05250.052   59.68260.760.000000              0              0                    S  5q     344440 4 3 2 1 1 0    45.0   33.0
221   59.146931 5.421E-36 3.262E-14.05120.051 2412.73470.750.000000              1              1                    S  6q     344440 4 3 2 1 1 0   102.0   78.0
221   59.668120 4.754E-31 3.499E-14.05120.051   83.55270.750.000000              0              0                    S  6q     344440 4 3 2 1 1 0   102.0   78.0
221   67.026932 4.353E-36 6.186E-14.04990.050 2440.33790.740.000000              1              1                    S  7q     344440 4 3 2 1 1 0    57.0   45.0
221   67.617623 3.813E-31 6.637E-14.04990.050  111.39910.740.000000              0              0                    S  7q     344440 4 3 2 1 1 0    57.0   45.0
221   74.904588 1.279E-35 1.091E-13.04880.049 2471.88160.730.000000              1              1                    S  8q     344440 4 3 2 1 1 0   126.0  102.0
221   75.564784 1.119E-30 1.170E-13.04880.049  143.22090.730.000000              0              0                    S  8q     344440 4 3 2 1 1 0   126.0  102.0
221   82.779621 8.720E-36 1.815E-13.04760.048 2507.36480.710.000000              1              1                    S  9q     344440 4 3 2 1 1 0    69.0   57.0
221   83.509328 7.614E-31 1.948E-13.04760.048  179.01680.710.000000              0              0                    S  9q     344440 4 3 2 1 1 0    69.0   57.0
221   90.651758 2.228E-35 2.881E-13.04630.046 2546.78620.680.000000              1              1                    S 10q     344440 4 3 2 1 1 0   150.0  126.0
221   91.450979 1.942E-30 3.091E-13.04630.046  218.78560.680.000000              0              0                    S 10q     344440 4 3 2 1 1 0   150.0  126.0
221   98.520721 1.345E-35 4.398E-13.04480.045 2590.14440.650.000000              1              1                    S 11q     344440 4 3 2 1 1 0    81.0   69.0
221   99.389462 1.169E-30 4.715E-13.04480.045  262.52610.650.000000              0              0                    S 11q     344440 4 3 2 1 1 0    81.0   69.0
221  106.386236 3.083E-35 6.491E-13.04330.043 2637.43790.620.000000              1              1                    S 12q     344440 4 3 2 1 1 0   174.0  150.0
221  107.324503 2.676E-30 6.963E-13.04330.043  310.23660.620.000000              0              0                    S 12q     344440 4 3 2 1 1 0   174.0  150.0
221  114.248026 1.687E-35 9.314E-13.04150.042 2688.66510.570.000000              1              1                    S 13q     344440 4 3 2 1 1 0    93.0   81.0
221  115.255825 1.461E-30 9.994E-13.04150.042  361.91560.570.000000              0              0                    S 13q     344440 4 3 2 1 1 0    93.0   81.0
221  122.105817 3.537E-35 1.304E-12.03960.040 2743.82420.520.000000              1              1                    S 14q     344440 4 3 2 1 1 0   198.0  174.0
221  123.183154 3.055E-30 1.399E-12.03960.040  417.56110.520.000000              0              0                    S 14q     344440 4 3 2 1 1 0   198.0  174.0
221  129.959333 1.781E-35 1.787E-12.03750.037 2802.91320.470.000000              1              1                    S 15q     344440 4 3 2 1 1 0   105.0   93.0
221  131.106216 1.535E-30 1.918E-12.03750.037  477.17140.470.000000              0              0                    S 15q     344440 4 3 2 1 1 0   105.0   93.0
221  137.808299 3.457E-35 2.404E-12.03540.035 2865.93000.410.000000              1              1                    S 16q     344440 4 3 2 1 1 0   222.0  198.0
221  139.024735 2.970E-30 2.579E-12.03540.035  540.74430.410.000000              0              0                    S 16q     344440 4 3 2 1 1 0   222.0  198.0
221  145.652440 1.619E-35 3.179E-12.03320.033 2932.87250.340.000000              1              1                    S 17q     344440 4 3 2 1 1 0   117.0  105.0
221  146.938437 1.386E-30 3.409E-12.03320.033  608.27760.340.000000              0              0                    S 17q     344440 4 3 2 1 1 0   117.0  105.0
221  153.491480 2.932E-35 4.141E-12.03110.031 3003.73830.270.000000              1              1                    S 18q     344440 4 3 2 1 1 0   246.0  222.0
221  154.847047 2.503E-30 4.442E-12.03110.031  679.76900.270.000000              0              0                    S 18q     344440 4 3 2 1 1 0   246.0  222.0
221  161.325146 1.285E-35 5.319E-12.02910.029 3078.52490.200.000000              1              1                    S 19q     344440 4 3 2 1 1 0   129.0  117.0
221  162.750292 1.094E-30 5.710E-12.02910.029  755.21600.200.000000              0              0                    S 19q     344440 4 3 2 1 1 0   129.0  117.0
221  169.153161 2.185E-35 6.754E-12.02740.027 3157.22980.200.000000              1              1                    S 20q     344440 4 3 2 1 1 0   270.0  246.0
221  170.647896 1.853E-30 7.247E-12.02740.027  834.61610.200.000000              0              0                    S 20q     344440 4 3 2 1 1 0   270.0  246.0
221  176.975252 9.017E-36 8.481E-12.02730.027 3239.85010.200.000000              1              1                    S 21q     344440 4 3 2 1 1 0   141.0  129.0
221  178.539585 7.619E-31 9.100E-12.02730.027  917.96630.200.000000              0              0                    S 21q     344440 4 3 2 1 1 0   141.0  129.0
221  184.791144 1.446E-35 1.054E-11.02730.027 3326.38290.200.000000              1              1                    S 22q     344440 4 3 2 1 1 0   294.0  270.0
221  186.425086 1.217E-30 1.131E-11.02730.027 1005.26390.200.000000              0              0                    S 22q     344440 4 3 2 1 1 0   294.0  270.0
221  192.600563 5.636E-36 1.298E-11.02730.027 3416.82530.200.000000              1              1                    S 23q     344440 4 3 2 1 1 0   153.0  141.0
221  194.304125 4.725E-31 1.393E-11.02730.027 1096.50590.200.000000              0              0                    S 23q     344440 4 3 2 1 1 0   153.0  141.0
221  200.403234 8.551E-36 1.585E-11.02730.027 3511.17410.200.000000              1              1                    S 24q     344440 4 3 2 1 1 0   318.0  294.0
221  202.176428 7.140E-31 1.701E-11.02730.027 1191.68900.200.000000              0              0                    S 24q     344440 4 3 2 1 1 0   318.0  294.0
221  208.198883 3.158E-36 1.919E-11.02730.027 3609.42590.200.000000              1              1                    S 25q     344440 4 3 2 1 1 0   165.0  153.0
221  210.041721 2.626E-31 2.060E-11.02730.027 1290.81000.200.000000              0              0                    S 25q     344440 4 3 2 1 1 0   165.0  153.0
221  215.987236 4.546E-36 2.308E-11.02730.027 3711.57730.200.000000              1              1                    S 26q     344440 4 3 2 1 1 0   342.0  318.0
221  217.899732 3.763E-31 2.477E-11.02730.027 1393.86550.200.000000              0              0                    S 26q     344440 4 3 2 1 1 0   342.0  318.0
221  223.768021 1.595E-36 2.757E-11.02730.027 3817.62480.200.000000              1              1                    S 27q     344440 4 3 2 1 1 0   177.0  165.0
221  225.750187 1.314E-31 2.959E-11.02730.027 1500.85180.200.000000              0              0                    S 27q     344440 4 3 2 1 1 0   177.0  165.0
221  231.540962 2.183E-36 3.272E-11.02730.027 3927.56450.200.000000              1              1                    S 28q     344440 4 3 2 1 1 0   366.0  342.0
221  233.592812 1.789E-31 3.511E-11.02730.027 1611.76520.200.000000              0              0                    S 28q     344440 4 3 2 1 1 0   366.0  342.0
221  239.305788 7.286E-37 3.860E-11.02730.027 4041.39280.200.000000              1              1                    S 29q     344440 4 3 2 1 1 0   189.0  177.0
221  241.427336 5.944E-32 4.143E-11.02730.027 1726.60190.200.000000              0              0                    S 29q     344440 4 3 2 1 1 0   189.0  177.0
221  247.062223 9.496E-37 4.529E-11.02730.027 4159.10550.200.000000              1              1                    S 30q     344440 4 3 2 1 1 0   390.0  366.0
221  249.253485 7.707E-32 4.861E-11.02730.027 1845.35800.200.000000              0              0                    S 30q     344440 4 3 2 1 1 0   390.0  366.0
221  254.809997 3.021E-37 5.286E-11.02730.027 4280.69860.200.000000              1              1                    S 31q     344440 4 3 2 1 1 0   201.0  189.0
221  257.070988 2.439E-32 5.674E-11.02730.027 1968.02930.200.000000              0              0                    S 31q     344440 4 3 2 1 1 0   201.0  189.0
221  262.548835 3.756E-37 6.141E-11.02730.027 4406.16770.200.000000              1              1                    S 32q     344440 4 3 2 1 1 0   414.0  390.0
221  264.879571 3.016E-32 6.593E-11.02730.027 2094.61150.200.000000              0              0                    S 32q     344440 4 3 2 1 1 0   414.0  390.0
